-1.3	0.
-1.2990000000000002	0.
-1.298	0.
-1.2970000000000002	0.
-1.296	0.
-1.2950000000000002	0.
-1.294	0.
-1.2930000000000001	0.
-1.292	0.
-1.2910000000000001	0.
-1.29	0.
-1.2890000000000001	0.
-1.288	0.
-1.2870000000000001	0.
-1.286	0.
-1.2850000000000001	0.
-1.284	0.
-1.2830000000000001	0.
-1.282	0.
-1.2810000000000001	0.
-1.28	0.
-1.2790000000000001	0.
-1.278	0.
-1.2770000000000001	0.
-1.276	0.
-1.2750000000000001	0.
-1.274	0.
-1.2730000000000001	0.
-1.272	0.
-1.2710000000000001	0.
-1.27	0.
-1.2690000000000001	0.
-1.268	0.
-1.2670000000000001	0.
-1.266	0.
-1.2650000000000001	0.
-1.264	0.
-1.2630000000000001	0.
-1.262	0.
-1.2610000000000001	0.
-1.26	0.
-1.2590000000000001	0.
-1.258	0.
-1.2570000000000001	0.
-1.256	0.
-1.2550000000000001	0.
-1.254	0.
-1.2530000000000001	0.
-1.252	0.
-1.2510000000000001	0.
-1.25	0.
-1.249	0.
-1.248	0.
-1.247	0.
-1.246	0.
-1.245	0.
-1.244	0.
-1.243	0.
-1.242	0.
-1.241	0.
-1.24	0.
-1.239	0.
-1.238	0.
-1.237	0.
-1.236	0.
-1.235	0.
-1.234	0.
-1.233	0.
-1.232	0.
-1.231	0.
-1.23	0.
-1.229	0.
-1.228	0.
-1.227	0.
-1.226	0.
-1.225	0.
-1.224	0.
-1.223	0.
-1.222	0.
-1.221	0.
-1.22	0.
-1.219	0.
-1.218	0.
-1.217	0.
-1.216	0.
-1.215	0.
-1.214	0.
-1.213	0.
-1.212	0.
-1.211	0.
-1.21	0.
-1.209	0.
-1.208	0.
-1.207	0.
-1.206	0.
-1.205	0.
-1.204	0.
-1.203	0.
-1.202	0.
-1.201	0.
-1.2	0.
-1.199	0.
-1.198	0.
-1.197	0.
-1.196	0.
-1.195	0.
-1.194	0.
-1.193	0.
-1.192	0.
-1.191	0.
-1.19	0.
-1.189	0.
-1.188	0.
-1.187	0.
-1.186	0.
-1.185	0.
-1.184	0.
-1.183	0.
-1.182	0.
-1.181	0.
-1.1800000000000002	0.
-1.179	0.
-1.178	0.
-1.177	0.
-1.1760000000000002	0.
-1.175	0.
-1.174	0.
-1.173	0.
-1.1720000000000002	0.
-1.171	0.
-1.17	0.
-1.169	0.
-1.1680000000000001	0.
-1.167	0.
-1.166	0.
-1.165	0.
-1.1640000000000001	0.
-1.163	0.
-1.162	0.
-1.161	0.
-1.1600000000000001	0.
-1.159	0.
-1.158	0.
-1.157	0.
-1.1560000000000001	0.
-1.155	0.
-1.1540000000000001	0.
-1.153	0.
-1.1520000000000001	0.
-1.151	0.
-1.1500000000000001	0.
-1.149	0.
-1.1480000000000001	0.
-1.147	0.
-1.1460000000000001	0.
-1.145	0.
-1.1440000000000001	0.
-1.143	0.
-1.1420000000000001	0.
-1.141	0.
-1.1400000000000001	0.
-1.139	0.
-1.1380000000000001	0.
-1.137	0.
-1.1360000000000001	0.
-1.135	0.
-1.1340000000000001	0.
-1.133	0.
-1.1320000000000001	0.
-1.131	0.
-1.1300000000000001	0.
-1.129	0.
-1.1280000000000001	0.
-1.127	0.
-1.1260000000000001	0.
-1.125	0.
-1.124	0.
-1.123	0.
-1.122	0.
-1.121	0.
-1.12	0.
-1.119	0.
-1.118	0.
-1.117	0.
-1.116	0.
-1.115	0.
-1.114	0.
-1.113	0.
-1.112	0.
-1.111	0.
-1.11	0.
-1.109	0.
-1.108	0.
-1.107	0.
-1.106	0.
-1.105	0.
-1.104	0.
-1.103	0.
-1.102	0.
-1.101	0.
-1.1	0.
-1.099	0.
-1.098	0.
-1.097	0.
-1.096	0.
-1.095	0.
-1.094	0.
-1.093	0.
-1.092	0.
-1.091	0.
-1.09	0.
-1.089	0.
-1.088	0.
-1.087	0.
-1.086	0.
-1.085	0.
-1.084	0.
-1.083	0.
-1.082	0.
-1.081	0.
-1.08	0.
-1.079	0.
-1.078	0.
-1.077	0.
-1.076	0.
-1.075	0.
-1.074	0.
-1.073	0.
-1.072	0.
-1.071	0.
-1.07	0.
-1.069	0.
-1.068	0.
-1.067	0.
-1.066	0.
-1.065	0.
-1.064	0.
-1.063	0.
-1.062	0.
-1.061	0.
-1.06	0.
-1.0590000000000002	0.
-1.058	0.
-1.057	0.
-1.056	0.
-1.0550000000000002	0.
-1.054	0.
-1.053	0.
-1.052	0.
-1.0510000000000002	0.
-1.05	0.
-1.049	0.
-1.048	0.
-1.0470000000000002	0.
-1.046	0.
-1.045	0.
-1.044	0.
-1.0430000000000001	0.
-1.042	0.
-1.041	0.
-1.04	0.
-1.0390000000000001	0.
-1.038	0.
-1.037	0.
-1.036	0.
-1.0350000000000001	0.
-1.034	0.
-1.033	0.
-1.032	0.
-1.0310000000000001	0.
-1.03	0.
-1.029	0.
-1.028	0.
-1.0270000000000001	0.
-1.026	0.
-1.025	0.
-1.024	0.
-1.0230000000000001	0.
-1.022	0.
-1.021	0.
-1.02	0.
-1.0190000000000001	0.
-1.018	0.
-1.017	0.
-1.016	0.
-1.0150000000000001	0.
-1.014	0.
-1.013	0.
-1.012	0.
-1.0110000000000001	0.
-1.01	0.
-1.0090000000000001	0.
-1.008	0.
-1.0070000000000001	0.
-1.006	0.
-1.0050000000000001	0.
-1.004	0.
-1.0030000000000001	0.
-1.002	0.
-1.0010000000000001	0.
-1.	0.
-0.9990000000000001	0.02846372014350909
-0.998	0.040243709324035655
-0.9970000000000001	0.04927594065310172
-0.996	0.0568847073094342
-0.9950000000000001	0.0635831025937949
-0.994	0.06963434035422153
-0.9930000000000001	0.07519482155722684
-0.992	0.0803664758019177
-0.9910000000000001	0.08522012137962681
-0.99	0.08980733352259095
-0.9890000000000001	0.0941670570436313
-0.988	0.09832955568607334
-0.9870000000000001	0.10231890256410976
-0.986	0.10615462087807764
-0.9850000000000001	0.10985280450199744
-0.984	0.11342690682321017
-0.9830000000000001	0.11688831052483152
-0.982	0.12024674837416226
-0.9810000000000001	0.12351062004179988
-0.98	0.12668723472790003
-0.9790000000000001	0.12978299978901428
-0.978	0.13280356936773194
-0.9770000000000001	0.13575396292825412
-0.976	0.13863866082728518
-0.9750000000000001	0.14146168213541555
-0.974	0.14422664857966125
-0.9730000000000001	0.14693683751803685
-0.972	0.14959522616188067
-0.9710000000000001	0.15220452875124182
-0.97	0.1547672280093315
-0.9690000000000001	0.15728560191682614
-0.968	0.1597617466301794
-0.9670000000000001	0.16219759620183663
-0.966	0.1645949396315813
-0.9650000000000001	0.16695543567771265
-0.964	0.16928062577769276
-0.9630000000000001	0.17157194536514628
-0.962	0.17383073382004582
-0.9610000000000001	0.17605824324862387
-0.96	0.1782556462570233
-0.9590000000000001	0.18042404285617689
-0.958	0.18256446661376233
-0.9570000000000001	0.18467789015122676
-0.956	0.18676523006917276
-0.9550000000000001	0.18882735137213214
-0.954	0.1908650714535785
-0.9530000000000001	0.19287916369345273
-0.952	0.19487036071330416
-0.9510000000000001	0.19683935732805544
-0.95	0.19878681322827207
-0.9490000000000001	0.20071335542241106
-0.9480000000000001	0.20261958046480988
-0.9470000000000001	0.20450605649195175
-0.9460000000000001	0.20637332508680561
-0.9450000000000001	0.20822190298866416
-0.9440000000000001	0.2100522836638492
-0.9430000000000001	0.2118649387508868
-0.9420000000000001	0.21366031939220034
-0.9410000000000001	0.21543885746303618
-0.9400000000000001	0.21720096670715117
-0.9390000000000001	0.21894704378777274
-0.9380000000000001	0.22067746926143142
-0.937	0.2223926084814789
-0.936	0.22409281243740065
-0.935	0.22577841853541475
-0.934	0.22744975132530498
-0.933	0.22910712317794604
-0.932	0.2307508349175518
-0.931	0.23238117641229286
-0.93	0.23399842712658647
-0.929	0.23560285663805713
-0.928	0.23719472512189357
-0.927	0.23877428380508153
-0.926	0.2403417753927725
-0.925	0.2418974344688497
-0.924	0.2434414878725774
-0.923	0.24497415505305514
-0.922	0.24649564840305727
-0.921	0.24800617357370408
-0.92	0.24950592977129435
-0.919	0.25099511003752073
-0.918	0.2524739015141913
-0.917	0.25394248569349154
-0.916	0.2554010386547441
-0.915	0.256849731288542
-0.914	0.2582887295090741
-0.913	0.25971819445539107
-0.912	0.2611382826823105
-0.911	0.262549146341605
-0.91	0.2639509333540724
-0.909	0.2653437875730421
-0.908	0.2667278489398336
-0.907	0.26810325363164644
-0.906	0.2694701342023277
-0.905	0.27082861971643113
-0.904	0.2721788358769566
-0.903	0.27352090514712873
-0.902	0.27485494686655215
-0.901	0.27618107736205794
-0.9	0.2774994100535353
-0.899	0.27881005555502203
-0.898	0.2801131217713124
-0.897	0.28140871399032225
-0.896	0.2826969349714374
-0.895	0.2839778850300575
-0.894	0.2852516621185321
-0.893	0.2865183619036782
-0.892	0.2877780778410516
-0.891	0.289030901246138
-0.89	0.2902769213626198
-0.889	0.29151622542786104
-0.888	0.2927488987357523
-0.887	0.29397502469703995
-0.886	0.2951946848972658
-0.885	0.29640795915242907
-0.884	0.2976149255624815
-0.883	0.29881566056275555
-0.8820000000000001	0.30001023897342516
-0.881	0.3011987340470887
-0.8800000000000001	0.3023812175145591
-0.879	0.30355775962894904
-0.8780000000000001	0.304728429208119
-0.877	0.30589329367557216
-0.8760000000000001	0.30705241909985526
-0.875	0.3082058702325409
-0.8740000000000001	0.3093537105448449
-0.873	0.3104960022629454
-0.8720000000000001	0.3116328064020528
-0.871	0.3127641827992923
-0.8700000000000001	0.3138901901454393
-0.869	0.31501088601556665
-0.8680000000000001	0.3161263268986399
-0.867	0.31723656822611196
-0.8660000000000001	0.3183416643995513
-0.865	0.31944166881735053
-0.8640000000000001	0.3205366339005456
-0.863	0.3216266111177871
-0.8620000000000001	0.32271165100949367
-0.861	0.3237918032112234
-0.8600000000000001	0.3248671164762897
-0.859	0.32593763869765663
-0.8580000000000001	0.3270034169291357
-0.857	0.32806449740591803
-0.8560000000000001	0.3291209255644591
-0.855	0.33017274606174907
-0.8540000000000001	0.3312200027939848
-0.853	0.3322627389146725
-0.8520000000000001	0.3333009968521748
-0.851	0.3343348183267314
-0.8500000000000001	0.3353642443669638
-0.849	0.3363893153258917
-0.8480000000000001	0.3374100708964698
-0.847	0.33842655012667217
-0.8460000000000001	0.33943879143412903
-0.845	0.34044683262034436
-0.8440000000000001	0.34145071088449713
-0.843	0.3424504628368512
-0.8420000000000001	0.34344612451177814
-0.841	0.34443773138041583
-0.8400000000000001	0.3454253183629658
-0.839	0.3464089198406509
-0.8380000000000001	0.34738856966733633
-0.837	0.3483643011808335
-0.8360000000000001	0.3493361472138895
-0.835	0.35030414010488015
-0.8340000000000001	0.35126831170820955
-0.833	0.3522286934044324
-0.8320000000000001	0.3531853161101017
-0.831	0.3541382102873577
-0.8300000000000001	0.35508740595325855
-0.829	0.35603293268886943
-0.8280000000000001	0.3569748196481104
-0.827	0.3579130955663766
-0.8260000000000001	0.358847788768933
-0.825	0.35977892717909504
-0.8240000000000001	0.3607065383261988
-0.823	0.3616306493533698
-0.8220000000000001	0.36255128702509315
-0.821	0.36346847773459584
-0.8200000000000001	0.36438224751104215
-0.8190000000000001	0.3652926220265525
-0.8180000000000001	0.3661996266030461
-0.8170000000000001	0.36710328621891725
-0.8160000000000001	0.3680036255155476
-0.8150000000000001	0.36890066880366024
-0.8140000000000001	0.36979444006951956
-0.8130000000000001	0.3706849629809826
-0.812	0.37157226089340506
-0.811	0.3724563568554067
-0.81	0.373337273614501
-0.809	0.3742150336225908
-0.808	0.37508965904133645
-0.807	0.37596117174739807
-0.806	0.37682959333755667
-0.805	0.3776949451337168
-0.804	0.37855724818779474
-0.803	0.3794165232864948
-0.802	0.3802727909559768
-0.801	0.3811260714664193
-0.8	0.3819763848364784
-0.799	0.38282375083764864
-0.798	0.3836681889985252
-0.797	0.3845097186089724
-0.796	0.38534835872420103
-0.795	0.38618412816875475
-0.794	0.38701704554041033
-0.793	0.3878471292139936
-0.792	0.3886743973451116
-0.791	0.3894988678738058
-0.79	0.39032055852812625
-0.789	0.3911394868276299
-0.788	0.3919556700868048
-0.787	0.3927691254184218
-0.786	0.39357986973681586
-0.785	0.39438791976109916
-0.784	0.3951932920183069
-0.783	0.39599600284647773
-0.782	0.39679606839767156
-0.781	0.39759350464092463
-0.78	0.3983883273651445
-0.779	0.3991805521819462
-0.778	0.3999701945284306
-0.777	0.4007572696699075
-0.776	0.4015417927025637
-0.775	0.4023237785560773
-0.774	0.403103241996181
-0.773	0.40388019762717403
-0.772	0.4046546598943843
-0.771	0.40542664308658327
-0.77	0.40619616133835273
-0.769	0.40696322863240547
-0.768	0.40772785880186224
-0.767	0.408490065532483
-0.766	0.4092498623648572
-0.765	0.4100072626965504
-0.764	0.4107622797842116
-0.763	0.41151492674563944
-0.762	0.4122652165618102
-0.761	0.4130131620788675
-0.76	0.4137587760100742
-0.759	0.4145020709377286
-0.758	0.41524305931504535
-0.757	0.41598175346799987
-0.756	0.4167181655971416
-0.755	0.4174523077793713
-0.754	0.41818419196968737
-0.753	0.4189138300029005
-0.752	0.4196412335953165
-0.751	0.4203664143463892
-0.75	0.42108938374034405
-0.749	0.4218101531477715
-0.748	0.4225287338271936
-0.747	0.42324513692660154
-0.746	0.4239593734849664
-0.745	0.4246714544337234
-0.744	0.4253813905982301
-0.743	0.4260891926991992
-0.742	0.4267948713541061
-0.741	0.42749843707857194
-0.74	0.4281999002877241
-0.739	0.42889927129753114
-0.738	0.4295965603261167
-0.737	0.4302917774950502
-0.736	0.43098493283061523
-0.735	0.43167603626505757
-0.734	0.43236509763781117
-0.733	0.4330521266967037
-0.732	0.43373713309914236
-0.731	0.4344201264132793
-0.73	0.43510111611915836
-0.729	0.435780111609842
-0.728	0.43645712219252025
-0.727	0.4371321570896015
-0.726	0.4378052254397849
-0.725	0.4384763362991153
-0.724	0.439145498642022
-0.7230000000000001	0.43981272136233923
-0.7220000000000001	0.44047801327431146
-0.7210000000000001	0.4411413831135814
-0.7200000000000001	0.4418028395381632
-0.7190000000000001	0.44246239112939934
-0.7180000000000001	0.4431200463929029
-0.7170000000000001	0.4437758137594843
-0.7160000000000001	0.4444297015860641
-0.7150000000000001	0.4450817181565702
-0.7140000000000001	0.44573187168282297
-0.7130000000000001	0.4463801703054044
-0.7120000000000001	0.44702662209451494
-0.7110000000000001	0.4476712350508171
-0.7100000000000001	0.44831401710626545
-0.7090000000000001	0.448954976124924
-0.7080000000000001	0.44959411990377124
-0.7070000000000001	0.4502314561734924
-0.7060000000000001	0.4508669925992603
-0.7050000000000001	0.4515007367815038
-0.7040000000000001	0.4521326962566646
-0.7030000000000001	0.452762878497943
-0.7020000000000001	0.4533912909160323
-0.7010000000000001	0.4540179408598415
-0.7000000000000001	0.45464283561720853
-0.6990000000000001	0.45526598241560173
-0.6980000000000001	0.4558873884228111
-0.6970000000000001	0.4565070607476301
-0.6960000000000001	0.4571250064405262
-0.6950000000000001	0.4577412324943025
-0.6940000000000001	0.4583557458447491
-0.6930000000000001	0.45896855337128556
-0.6920000000000001	0.4595796618975935
-0.6910000000000001	0.46018907819223975
-0.6900000000000001	0.4607968089692913
-0.6890000000000001	0.4614028608889211
-0.6880000000000001	0.4620072405580044
-0.687	0.4626099545307081
-0.686	0.4632110093090697
-0.685	0.4638104113435701
-0.684	0.46440816703369614
-0.683	0.46500428272849753
-0.682	0.46559876472713374
-0.681	0.4661916192794143
-0.68	0.4667828525863319
-0.679	0.46737247080058686
-0.678	0.4679604800271053
-0.677	0.46854688632354974
-0.676	0.4691316957008227
-0.675	0.4697149141235633
-0.674	0.470296547510637
-0.673	0.4708766017356188
-0.672	0.4714550826272696
-0.671	0.472031995970006
-0.67	0.4726073475043646
-0.669	0.47318114292745855
-0.668	0.47375338789342913
-0.667	0.4743240880138908
-0.666	0.4748932488583701
-0.665	0.4754608759547388
-0.664	0.4760269747896421
-0.663	0.4765915508089195
-0.662	0.47715460941802135
-0.661	0.47771615598241945
-0.66	0.4782761958280127
-0.659	0.478834734241526
-0.658	0.4793917764709063
-0.657	0.4799473277257113
-0.656	0.48050139317749385
-0.655	0.4810539779601816
-0.654	0.4816050871704519
-0.653	0.4821547258681009
-0.652	0.4827028990764088
-0.651	0.4832496117825002
-0.65	0.4837948689376996
-0.649	0.4843386754578824
-0.648	0.4848810362238218
-0.647	0.4854219560815308
-0.646	0.48596143984260054
-0.645	0.4864994922845331
-0.644	0.4870361181510718
-0.643	0.48757132215252613
-0.642	0.48810510896609266
-0.641	0.48863748323617306
-0.64	0.4891684495746866
-0.639	0.4896980125613798
-0.638	0.4902261767441322
-0.637	0.49075294663925784
-0.636	0.49127832673180355
-0.635	0.49180232147584296
-0.634	0.4923249352947678
-0.633	0.49284617258157476
-0.632	0.49336603769914983
-0.631	0.4938845349805474
-0.63	0.4944016687292688
-0.629	0.4949174432195342
-0.628	0.49543186269655415
-0.627	0.49594493137679624
-0.626	0.49645665344824835
-0.625	0.4969670330706801
-0.624	0.49747607437589997
-0.623	0.4979837814680101
-0.622	0.4984901584236572
-0.621	0.4989952092922819
-0.62	0.49949893809636353
-0.619	0.5000013488316634
-0.618	0.5005024454674641
-0.617	0.5010022319468069
-0.616	0.5015007121867265
-0.615	0.5019978900784811
-0.614	0.5024937694877827
-0.613	0.5029883542550229
-0.612	0.5034816481954959
-0.611	0.5039736550996202
-0.61	0.5044643787331573
-0.609	0.5049538228374262
-0.608	0.5054419911295187
-0.607	0.5059288873025097
-0.606	0.5064145150256654
-0.605	0.5068988779446502
-0.604	0.5073819796817307
-0.603	0.507863823835977
-0.602	0.5083444139834622
-0.601	0.5088237536774596
-0.6	0.509301846448638
-0.599	0.5097786958052535
-0.598	0.5102543052333409
-0.597	0.5107286781969025
-0.5960000000000001	0.5112018181380931
-0.5950000000000001	0.511673728477406
-0.5940000000000001	0.5121444126138541
-0.5930000000000001	0.5126138739251507
-0.5920000000000001	0.5130821157678879
-0.5910000000000001	0.5135491414777124
-0.5900000000000001	0.5140149543695008
-0.5890000000000001	0.5144795577375313
-0.5880000000000001	0.5149429548556546
-0.5870000000000001	0.5154051489774631
-0.5860000000000001	0.5158661433364575
-0.5850000000000001	0.5163259411462118
-0.5840000000000001	0.5167845456005369
-0.5830000000000001	0.5172419598736423
-0.5820000000000001	0.5176981871202961
-0.5810000000000001	0.5181532304759828
-0.5800000000000001	0.5186070930570601
-0.5790000000000001	0.5190597779609133
-0.5780000000000001	0.5195112882661089
-0.5770000000000001	0.5199616270325467
-0.5760000000000001	0.5204107973016079
-0.5750000000000001	0.5208588020963059
-0.5740000000000001	0.5213056444214309
-0.5730000000000001	0.5217513272636969
-0.5720000000000001	0.5221958535918841
-0.5710000000000001	0.5226392263569822
-0.5700000000000001	0.5230814484923306
-0.5690000000000001	0.5235225229137576
-0.5680000000000001	0.5239624525197182
-0.5670000000000001	0.5244012401914314
-0.5660000000000001	0.5248388887930144
-0.5650000000000001	0.5252754011716161
-0.5640000000000001	0.5257107801575498
-0.5630000000000001	0.5261450285644236
-0.562	0.5265781491892708
-0.561	0.5270101448126774
-0.56	0.5274410181989085
-0.559	0.527870772096036
-0.558	0.5282994092360599
-0.557	0.5287269323350344
-0.556	0.5291533440931876
-0.555	0.5295786471950432
-0.554	0.5300028443095396
-0.553	0.5304259380901477
-0.552	0.5308479311749889
-0.551	0.5312688261869497
-0.55	0.5316886257337977
-0.549	0.532107332408294
-0.548	0.5325249487883061
-0.547	0.5329414774369198
-0.546	0.5333569209025482
-0.545	0.5337712817190413
-0.544	0.5341845624057951
-0.543	0.5345967654678567
-0.542	0.5350078933960317
-0.541	0.5354179486669887
-0.54	0.5358269337433623
-0.539	0.5362348510738579
-0.538	0.5366417030933515
-0.537	0.5370474922229914
-0.536	0.5374522208702991
-0.535	0.5378558914292662
-0.534	0.5382585062804542
-0.533	0.5386600677910905
-0.532	0.5390605783151647
-0.531	0.5394600401935244
-0.53	0.5398584557539681
-0.529	0.5402558273113401
-0.528	0.5406521571676223
-0.527	0.5410474476120255
-0.526	0.5414417009210803
-0.525	0.541834919358728
-0.524	0.5422271051764076
-0.523	0.5426182606131461
-0.522	0.5430083878956442
-0.521	0.5433974892383641
-0.52	0.5437855668436143
-0.519	0.544172622901635
-0.518	0.5445586595906821
-0.517	0.5449436790771107
-0.516	0.5453276835154575
-0.515	0.5457106750485224
-0.514	0.5460926558074505
-0.513	0.5464736279118108
-0.512	0.5468535934696774
-0.511	0.5472325545777074
-0.51	0.5476105133212189
-0.509	0.5479874717742693
-0.508	0.5483634319997309
-0.507	0.5487383960493678
-0.506	0.5491123659639103
-0.505	0.5494853437731304
-0.504	0.5498573314959148
-0.503	0.550228331140339
-0.502	0.5505983447037397
-0.501	0.5509673741727862
-0.5	0.5513354215235523
-0.499	0.5517024887215867
-0.498	0.5520685777219829
-0.497	0.552433690469449
-0.496	0.552797828898376
-0.495	0.553160994932906
-0.494	0.5535231904870006
-0.493	0.5538844174645061
-0.492	0.5542446777592216
-0.491	0.5546039732549641
-0.49	0.5549623058256332
-0.489	0.5553196773352765
-0.488	0.5556760896381532
-0.487	0.5560315445787977
-0.486	0.5563860439920822
-0.485	0.5567395897032796
-0.484	0.5570921835281254
-0.483	0.5574438272728779
-0.482	0.5577945227343801
-0.481	0.5581442717001198
-0.48	0.5584930759482882
-0.479	0.5588409372478407
-0.478	0.5591878573585544
-0.477	0.5595338380310865
-0.476	0.5598788810070322
-0.475	0.5602229880189816
-0.474	0.5605661607905771
-0.473	0.5609084010365679
-0.472	0.5612497104628675
-0.471	0.5615900907666084
-0.47	0.561929543636196
-0.469	0.5622680707513639
-0.46799999999999997	0.5626056737832272
-0.4670000000000001	0.5629423543943366
-0.4660000000000001	0.5632781142387301
-0.4650000000000001	0.5636129549619866
-0.4640000000000001	0.5639468782012769
-0.4630000000000001	0.5642798855854164
-0.4620000000000001	0.5646119787349155
-0.4610000000000001	0.5649431592620305
-0.4600000000000001	0.5652734287708142
-0.4590000000000001	0.5656027888571648
-0.4580000000000001	0.5659312411088768
-0.4570000000000001	0.5662587871056891
-0.45600000000000007	0.5665854284193335
-0.45500000000000007	0.5669111666135839
-0.45400000000000007	0.5672360032443028
-0.45300000000000007	0.5675599398594903
-0.45200000000000007	0.5678829779993295
-0.45100000000000007	0.5682051191962344
-0.45000000000000007	0.5685263649748956
-0.44900000000000007	0.5688467168523264
-0.44800000000000006	0.5691661763379078
-0.44700000000000006	0.5694847449334349
-0.44600000000000006	0.5698024241331602
-0.44500000000000006	0.5701192154238386
-0.44400000000000006	0.5704351202847717
-0.44300000000000006	0.5707501401878514
-0.44200000000000006	0.571064276597603
-0.44100000000000006	0.5713775309712276
-0.44000000000000006	0.5716899047586462
-0.43900000000000006	0.5720013994025408
-0.43800000000000006	0.5723120163383968
-0.43700000000000006	0.5726217569945444
-0.43600000000000005	0.5729306227921999
-0.43500000000000005	0.5732386151455066
-0.43400000000000005	0.5735457354615755
-0.43300000000000005	0.5738519851405259
-0.43200000000000005	0.5741573655755243
-0.43100000000000005	0.5744618781528252
-0.43000000000000005	0.5747655242518099
-0.42900000000000005	0.5750683052450254
-0.42800000000000005	0.5753702224982231
-0.42700000000000005	0.5756712773703974
-0.42600000000000005	0.5759714712138236
-0.42500000000000004	0.576270805374096
-0.42400000000000004	0.5765692811901649
-0.42300000000000004	0.5768668999943737
-0.42200000000000004	0.5771636631124965
-0.42100000000000004	0.577459571863774
-0.42000000000000004	0.5777546275609502
-0.41900000000000004	0.5780488315103081
-0.41800000000000004	0.5783421850117059
-0.41700000000000004	0.5786346893586117
-0.41600000000000004	0.5789263458381396
-0.41500000000000004	0.5792171557310839
-0.41400000000000003	0.579507120311954
-0.41300000000000003	0.5797962408490084
-0.41200000000000003	0.5800845186042898
-0.41100000000000003	0.5803719548336576
-0.41000000000000003	0.5806585507868223
-0.40900000000000003	0.5809443077073789
-0.40800000000000003	0.5812292268328391
-0.40700000000000003	0.5815133093946652
-0.406	0.5817965566183013
-0.405	0.5820789697232072
-0.404	0.582360549922889
-0.403	0.5826412984249316
-0.402	0.5829212164310302
-0.401	0.5832003051370217
-0.4	0.5834785657329149
-0.399	0.5837559994029227
-0.398	0.5840326073254918
-0.397	0.584308390673333
-0.396	0.5845833506134516
-0.395	0.5848574883071775
-0.394	0.5851308049101945
-0.393	0.58540330157257
-0.392	0.5856749794387838
-0.391	0.5859458396477576
-0.39	0.5862158833328832
-0.389	0.586485111622052
-0.388	0.5867535256376822
-0.387	0.5870211264967481
-0.386	0.5872879153108065
-0.385	0.5875538931860262
-0.384	0.5878190612232144
-0.383	0.5880834205178435
-0.382	0.5883469721600799
-0.381	0.5886097172348094
-0.38	0.5888716568216642
-0.379	0.5891327919950498
-0.378	0.5893931238241712
-0.377	0.5896526533730584
-0.376	0.5899113817005931
-0.375	0.5901693098605338
-0.374	0.5904264389015418
-0.373	0.5906827698672058
-0.372	0.5909383037960683
-0.371	0.5911930417216488
-0.37	0.5914469846724704
-0.369	0.591700133672083
-0.368	0.5919524897390884
-0.367	0.5922040538871645
-0.366	0.5924548271250889
-0.365	0.5927048104567632
-0.364	0.5929540048812364
-0.363	0.5932024113927289
-0.362	0.5934500309806553
-0.361	0.5936968646296478
-0.36	0.5939429133195792
-0.359	0.5941881780255859
-0.358	0.5944326597180901
-0.357	0.5946763593628229
-0.356	0.5949192779208463
-0.355	0.5951614163485754
-0.354	0.5954027755978005
-0.353	0.5956433566157088
-0.352	0.5958831603449063
-0.351	0.5961221877234395
-0.35	0.5963604396848161
-0.349	0.5965979171580269
-0.348	0.5968346210675667
-0.347	0.5970705523334552
-0.346	0.5973057118712576
-0.345	0.5975401005921056
-0.344	0.5977737194027173
-0.34299999999999997	0.5980065692054185
-0.34199999999999997	0.5982386508981616
-0.34099999999999997	0.5984699653745469
-0.3400000000000001	0.5987005135238415
-0.3390000000000001	0.5989302962309995
-0.3380000000000001	0.5991593143766819
-0.3370000000000001	0.5993875688372752
-0.3360000000000001	0.5996150604849119
-0.3350000000000001	0.5998417901874885
-0.3340000000000001	0.6000677588086855
-0.3330000000000001	0.6002929672079855
-0.3320000000000001	0.6005174162406931
-0.33100000000000007	0.6007411067579522
-0.33000000000000007	0.6009640396067655
-0.32900000000000007	0.6011862156300126
-0.32800000000000007	0.6014076356664682
-0.32700000000000007	0.60162830055082
-0.32600000000000007	0.6018482111136874
-0.32500000000000007	0.6020673681816384
-0.32400000000000007	0.6022857725772084
-0.32300000000000006	0.6025034251189171
-0.32200000000000006	0.6027203266212857
-0.32100000000000006	0.6029364778948554
-0.32000000000000006	0.6031518797462035
-0.31900000000000006	0.6033665329779615
-0.31800000000000006	0.6035804383888309
-0.31700000000000006	0.6037935967736014
-0.31600000000000006	0.604006008923167
-0.31500000000000006	0.6042176756245422
-0.31400000000000006	0.6044285976608796
-0.31300000000000006	0.6046387758114854
-0.31200000000000006	0.604848210851836
-0.31100000000000005	0.6050569035535945
-0.31000000000000005	0.6052648546846263
-0.30900000000000005	0.6054720650090153
-0.30800000000000005	0.6056785352870792
-0.30700000000000005	0.6058842662753864
-0.30600000000000005	0.6060892587267707
-0.30500000000000005	0.6062935133903469
-0.30400000000000005	0.6064970310115263
-0.30300000000000005	0.6066998123320322
-0.30200000000000005	0.6069018580899148
-0.30100000000000005	0.6071031690195667
-0.30000000000000004	0.6073037458517371
-0.29899999999999993	0.6075035893135473
-0.29800000000000004	0.6077027001285054
-0.29699999999999993	0.607901079016521
-0.29600000000000004	0.6080987266939195
-0.29499999999999993	0.6082956438734566
-0.29400000000000004	0.6084918312643328
-0.2929999999999999	0.6086872895722079
-0.29200000000000004	0.6088820194992143
-0.2909999999999999	0.609076021743972
-0.29000000000000004	0.6092692970016024
-0.2889999999999999	0.6094618459637414
-0.28800000000000003	0.6096536693185541
-0.2869999999999999	0.6098447677507483
-0.28600000000000003	0.610035141941587
-0.2849999999999999	0.6102247925689039
-0.28400000000000003	0.6104137203071148
-0.2829999999999999	0.6106019258272322
-0.28200000000000003	0.6107894097968776
-0.2809999999999999	0.6109761728802954
-0.28	0.6111622157383655
-0.2789999999999999	0.6113475390286164
-0.278	0.6115321434052375
-0.2769999999999999	0.6117160295190929
-0.276	0.6118991980177327
-0.27500000000000013	0.6120816495454072
-0.274	0.6122633847430778
-0.27300000000000013	0.6124444042484305
-0.272	0.6126247086958873
-0.27100000000000013	0.6128042987166197
-0.27	0.6129831749385595
-0.26900000000000013	0.6131613379864114
-0.268	0.6133387884816657
-0.2670000000000001	0.6135155270426085
-0.266	0.6136915542843352
-0.2650000000000001	0.6138668708187613
-0.264	0.6140414772546346
-0.2630000000000001	0.6142153741975459
-0.262	0.6143885622499412
-0.2610000000000001	0.6145610420111332
-0.26	0.614732814077312
-0.2590000000000001	0.6149038790415565
-0.258	0.6150742374938467
-0.2570000000000001	0.6152438900210727
-0.256	0.6154128372070474
-0.2550000000000001	0.6155810796325172
-0.254	0.6157486178751715
-0.2530000000000001	0.6159154525096557
-0.252	0.6160815841075801
-0.2510000000000001	0.6162470132375311
-0.25	0.6164117404650818
-0.2490000000000001	0.6165757663528031
-0.248	0.6167390914602727
-0.2470000000000001	0.6169017163440869
-0.246	0.6170636415578695
-0.2450000000000001	0.6172248676522837
-0.244	0.6173853951750401
-0.2430000000000001	0.6175452246709086
-0.242	0.6177043566817275
-0.2410000000000001	0.6178627917464135
-0.24	0.6180205304009716
-0.2390000000000001	0.618177573178505
-0.238	0.6183339206092245
-0.2370000000000001	0.6184895732204585
-0.236	0.6186445315366622
-0.2350000000000001	0.6187987960794276
-0.23399999999999999	0.618952367367492
-0.2330000000000001	0.619105245916749
-0.23199999999999998	0.6192574322402554
-0.2310000000000001	0.6194089268482432
-0.22999999999999998	0.6195597302481265
-0.2290000000000001	0.6197098429445118
-0.22799999999999998	0.6198592654392068
-0.2270000000000001	0.6200079982312291
-0.22599999999999998	0.6201560418168156
-0.2250000000000001	0.6203033966894307
-0.22399999999999998	0.6204500633397758
-0.2230000000000001	0.6205960422557976
-0.22199999999999998	0.6207413339226966
-0.22100000000000009	0.6208859388229363
-0.21999999999999997	0.6210298574362513
-0.21900000000000008	0.6211730902396558
-0.21799999999999997	0.6213156377074519
-0.21700000000000008	0.6214575003112386
-0.21599999999999997	0.6215986785199191
-0.21500000000000008	0.6217391727997099
-0.21399999999999997	0.621878983614149
-0.21300000000000008	0.6220181114241026
-0.21199999999999997	0.6221565566877754
-0.21100000000000008	0.6222943198607166
-0.20999999999999996	0.6224314013958295
-0.20900000000000007	0.6225678017433778
-0.20799999999999996	0.6227035213509945
-0.20700000000000007	0.6228385606636895
-0.20599999999999996	0.6229729201238572
-0.20500000000000007	0.6231066001712839
-0.20399999999999996	0.6232396012431561
-0.20300000000000007	0.623371923774067
-0.20199999999999996	0.6235035681960254
-0.20100000000000007	0.6236345349384614
-0.19999999999999996	0.6237648244282359
-0.19900000000000007	0.6238944370896459
-0.19799999999999995	0.624023373344433
-0.19700000000000006	0.62415163361179
-0.19599999999999995	0.6242792183083689
-0.19500000000000006	0.624406127848287
-0.19399999999999995	0.6245323626431345
-0.19300000000000006	0.6246579231019818
-0.19199999999999995	0.6247828096313858
-0.19100000000000006	0.624907022635397
-0.18999999999999995	0.625030562515567
-0.18900000000000006	0.6251534296709543
-0.18799999999999994	0.625275624498132
-0.18700000000000006	0.6253971473911935
-0.18599999999999994	0.6255179987417602
-0.18500000000000005	0.6256381789389873
-0.18399999999999994	0.6257576883695714
-0.18300000000000005	0.6258765274177551
-0.18199999999999994	0.6259946964653356
-0.18100000000000005	0.6261121958916694
-0.17999999999999994	0.6262290260736805
-0.17900000000000005	0.6263451873858645
-0.17799999999999994	0.6264606802002967
-0.17700000000000005	0.6265755048866373
-0.17599999999999993	0.6266896618121377
-0.17500000000000004	0.6268031513416472
-0.17399999999999993	0.6269159738376185
-0.17300000000000004	0.6270281296601139
-0.17199999999999993	0.627139619166811
-0.17100000000000004	0.6272504427130093
-0.16999999999999993	0.6273606006516356
-0.16900000000000004	0.6274700933332497
-0.16799999999999993	0.6275789211060504
-0.16700000000000004	0.6276870843158817
-0.16599999999999993	0.6277945833062376
-0.16500000000000004	0.6279014184182685
-0.16399999999999992	0.6280075899907867
-0.16300000000000003	0.6281130983602711
-0.16199999999999992	0.6282179438608742
-0.16100000000000003	0.6283221268244263
-0.15999999999999992	0.6284256475804421
-0.15900000000000003	0.6285285064561245
-0.15799999999999992	0.6286307037763716
-0.15700000000000003	0.6287322398637814
-0.15599999999999992	0.6288331150386562
-0.15500000000000003	0.6289333296190095
-0.15399999999999991	0.6290328839205694
-0.15300000000000002	0.6291317782567852
-0.1519999999999999	0.6292300129388315
-0.15100000000000002	0.6293275882756142
-0.1499999999999999	0.6294245045737741
-0.14900000000000002	0.6295207621376933
-0.1479999999999999	0.6296163612694994
-0.14700000000000002	0.6297113022690703
-0.14600000000000013	0.6298055854340397
-0.14500000000000002	0.6298992110598011
-0.14400000000000013	0.6299921794395129
-0.14300000000000002	0.6300844908641032
-0.14200000000000013	0.6301761456222746
-0.14100000000000001	0.6302671440005084
-0.14000000000000012	0.6303574862830695
-0.139	0.6304471727520111
-0.13800000000000012	0.6305362036871787
-0.137	0.6306245793662151
-0.13600000000000012	0.6307123000645646
-0.135	0.6307993660554775
-0.13400000000000012	0.6308857776100143
-0.133	0.6309715349970503
-0.13200000000000012	0.6310566384832796
-0.131	0.6311410883332194
-0.13000000000000012	0.6312248848092143
-0.129	0.6313080281714405
-0.1280000000000001	0.63139051867791
-0.127	0.6314723565844741
-0.1260000000000001	0.6315535421448283
-0.125	0.631634075610516
-0.12400000000000011	0.631713957230932
-0.123	0.6317931872533273
-0.12200000000000011	0.6318717659228122
-0.121	0.6319496934823609
-0.1200000000000001	0.6320269701728145
-0.119	0.6321035962328856
-0.1180000000000001	0.6321795718991615
-0.11699999999999999	0.6322548974061086
-0.1160000000000001	0.6323295729860748
-0.11499999999999999	0.6324035988692949
-0.1140000000000001	0.6324769752838924
-0.11299999999999999	0.6325497024558846
-0.1120000000000001	0.6326217806091853
-0.11099999999999999	0.6326932099656083
-0.1100000000000001	0.6327639907448716
-0.10899999999999999	0.6328341231645995
-0.1080000000000001	0.6329036074403278
-0.10699999999999998	0.6329724437855054
-0.1060000000000001	0.6330406324114989
-0.10499999999999998	0.633108173527595
-0.10400000000000009	0.6331750673410043
-0.10299999999999998	0.6332413140568647
-0.10200000000000009	0.6333069138782437
-0.10099999999999998	0.6333718670061428
-0.10000000000000009	0.6334361736394996
-0.09899999999999998	0.6334998339751909
-0.09800000000000009	0.633562848208037
-0.09699999999999998	0.6336252165308031
-0.09600000000000009	0.6336869391342032
-0.09499999999999997	0.6337480162069028
-0.09400000000000008	0.633808447935522
-0.09299999999999997	0.6338682345046385
-0.09200000000000008	0.6339273760967896
-0.09099999999999997	0.6339858728924762
-0.09000000000000008	0.6340437250701648
-0.08899999999999997	0.6341009328062905
-0.08800000000000008	0.6341574962752596
-0.08699999999999997	0.6342134156494527
-0.08600000000000008	0.6342686910992268
-0.08499999999999996	0.6343233227929179
-0.08400000000000007	0.6343773108968445
-0.08299999999999996	0.634430655575309
-0.08200000000000007	0.6344833569906008
-0.08099999999999996	0.6345354153029988
-0.08000000000000007	0.634586830670774
-0.07899999999999996	0.6346376032501914
-0.07800000000000007	0.6346877331955126
-0.07699999999999996	0.6347372206589986
-0.07600000000000007	0.6347860657909117
-0.07499999999999996	0.6348342687395179
-0.07400000000000007	0.6348818296510889
-0.07299999999999995	0.6349287486699051
-0.07200000000000006	0.6349750259382569
-0.07099999999999995	0.6350206615964474
-0.07000000000000006	0.6350656557827944
-0.06899999999999995	0.6351100086336327
-0.06800000000000006	0.6351537202833157
-0.06699999999999995	0.6351967908642181
-0.06600000000000006	0.6352392205067374
-0.06499999999999995	0.6352810093392959
-0.06400000000000006	0.6353221574883432
-0.06299999999999994	0.6353626650783575
-0.062000000000000055	0.6354025322318476
-0.06099999999999994	0.6354417590693552
-0.06000000000000005	0.6354803457094563
-0.05899999999999994	0.6355182922687631
-0.05800000000000005	0.6355555988619257
-0.05699999999999994	0.6355922656016344
-0.05600000000000005	0.6356282925986203
-0.05499999999999994	0.635663679961658
-0.05400000000000005	0.6356984277975668
-0.052999999999999936	0.6357325362112126
-0.052000000000000046	0.635766005305509
-0.050999999999999934	0.6357988351814192
-0.050000000000000044	0.6358310259379576
-0.04899999999999993	0.635862577672191
-0.04800000000000004	0.6358934904792405
-0.04699999999999993	0.6359237644522825
-0.04600000000000004	0.63595339968255
-0.04499999999999993	0.635982396259335
-0.04400000000000004	0.6360107542699884
-0.04299999999999993	0.6360384737999226
-0.04200000000000004	0.6360655549326115
-0.040999999999999925	0.6360919977495934
-0.040000000000000036	0.6361178023304704
-0.038999999999999924	0.6361429687529114
-0.038000000000000034	0.6361674970926517
-0.03699999999999992	0.6361913874234952
-0.03600000000000003	0.6362146398173149
-0.03499999999999992	0.6362372543440542
-0.03400000000000003	0.6362592310717285
-0.03299999999999992	0.6362805700664251
-0.03200000000000003	0.6363012713923052
-0.030999999999999917	0.636321335111604
-0.030000000000000027	0.6363407612846325
-0.028999999999999915	0.6363595499697781
-0.028000000000000025	0.6363777012235049
-0.026999999999999913	0.6363952151003555
-0.026000000000000023	0.6364120916529511
-0.02499999999999991	0.6364283309319928
-0.02400000000000002	0.6364439329862617
-0.02299999999999991	0.6364588978626204
-0.02200000000000002	0.6364732256060132
-0.020999999999999908	0.6364869162594671
-0.020000000000000018	0.636499969864092
-0.019000000000000128	0.6365123864590817
-0.018000000000000016	0.6365241660817145
-0.017000000000000126	0.6365353087673534
-0.016000000000000014	0.636545814549447
-0.015000000000000124	0.6365556834595302
-0.014000000000000012	0.6365649155272235
-0.013000000000000123	0.6365735107802353
-0.01200000000000001	0.6365814692443603
-0.01100000000000012	0.6365887909434818
-0.010000000000000009	0.6365954758995706
-0.009000000000000119	0.6366015241326859
-0.008000000000000007	0.636606935660976
-0.007000000000000117	0.6366117105006776
-0.006000000000000005	0.6366158486661169
-0.0050000000000001155	0.6366193501697095
-0.0040000000000000036	0.6366222150219607
-0.0030000000000001137	0.6366244432314654
-0.0020000000000000018	0.6366260348049081
-0.001000000000000112	0.6366269897470639
0.	0.6366273080607975
0.0009999999999998899	0.6366269897470639
0.0020000000000000018	0.6366260348049081
0.0029999999999998916	0.6366244432314654
0.0040000000000000036	0.6366222150219607
0.004999999999999893	0.6366193501697095
0.006000000000000005	0.6366158486661169
0.006999999999999895	0.6366117105006776
0.008000000000000007	0.636606935660976
0.008999999999999897	0.6366015241326859
0.010000000000000009	0.6365954758995706
0.010999999999999899	0.6365887909434818
0.01200000000000001	0.6365814692443603
0.0129999999999999	0.6365735107802353
0.014000000000000012	0.6365649155272235
0.014999999999999902	0.6365556834595302
0.016000000000000014	0.636545814549447
0.016999999999999904	0.6365353087673534
0.018000000000000016	0.6365241660817145
0.018999999999999906	0.6365123864590817
0.020000000000000018	0.636499969864092
0.020999999999999908	0.6364869162594671
0.02200000000000002	0.6364732256060132
0.02299999999999991	0.6364588978626204
0.02400000000000002	0.6364439329862617
0.02499999999999991	0.6364283309319928
0.026000000000000023	0.6364120916529511
0.026999999999999913	0.6363952151003555
0.028000000000000025	0.6363777012235049
0.028999999999999915	0.6363595499697781
0.030000000000000027	0.6363407612846325
0.030999999999999917	0.636321335111604
0.03200000000000003	0.6363012713923052
0.03299999999999992	0.6362805700664251
0.03400000000000003	0.6362592310717285
0.03499999999999992	0.6362372543440542
0.03600000000000003	0.6362146398173149
0.03699999999999992	0.6361913874234952
0.038000000000000034	0.6361674970926517
0.038999999999999924	0.6361429687529114
0.040000000000000036	0.6361178023304704
0.040999999999999925	0.6360919977495934
0.04200000000000004	0.6360655549326115
0.04299999999999993	0.6360384737999226
0.04400000000000004	0.6360107542699884
0.04499999999999993	0.635982396259335
0.04600000000000004	0.63595339968255
0.04699999999999993	0.6359237644522825
0.04800000000000004	0.6358934904792405
0.04899999999999993	0.635862577672191
0.050000000000000044	0.6358310259379576
0.050999999999999934	0.6357988351814192
0.052000000000000046	0.635766005305509
0.052999999999999936	0.6357325362112126
0.05400000000000005	0.6356984277975668
0.05499999999999994	0.635663679961658
0.05600000000000005	0.6356282925986203
0.05699999999999994	0.6355922656016344
0.05800000000000005	0.6355555988619257
0.05899999999999994	0.6355182922687631
0.06000000000000005	0.6354803457094563
0.06099999999999994	0.6354417590693552
0.062000000000000055	0.6354025322318476
0.06299999999999994	0.6353626650783575
0.06400000000000006	0.6353221574883432
0.06499999999999995	0.6352810093392959
0.06600000000000006	0.6352392205067374
0.06699999999999995	0.6351967908642181
0.06800000000000006	0.6351537202833157
0.06899999999999995	0.6351100086336327
0.07000000000000006	0.6350656557827944
0.07099999999999995	0.6350206615964474
0.07200000000000006	0.6349750259382569
0.07299999999999995	0.6349287486699051
0.07400000000000007	0.6348818296510889
0.07499999999999996	0.6348342687395179
0.07600000000000007	0.6347860657909117
0.07699999999999996	0.6347372206589986
0.07800000000000007	0.6346877331955126
0.07899999999999996	0.6346376032501914
0.08000000000000007	0.634586830670774
0.08099999999999996	0.6345354153029988
0.08200000000000007	0.6344833569906008
0.08299999999999996	0.634430655575309
0.08400000000000007	0.6343773108968445
0.08499999999999996	0.6343233227929179
0.08600000000000008	0.6342686910992268
0.08699999999999997	0.6342134156494527
0.08800000000000008	0.6341574962752596
0.08899999999999997	0.6341009328062905
0.09000000000000008	0.6340437250701648
0.09099999999999997	0.6339858728924762
0.09200000000000008	0.6339273760967896
0.09299999999999997	0.6338682345046385
0.09400000000000008	0.633808447935522
0.09499999999999997	0.6337480162069028
0.09600000000000009	0.6336869391342032
0.09699999999999998	0.6336252165308031
0.09800000000000009	0.633562848208037
0.09899999999999998	0.6334998339751909
0.10000000000000009	0.6334361736394996
0.10099999999999998	0.6333718670061428
0.10200000000000009	0.6333069138782437
0.10299999999999998	0.6332413140568647
0.10400000000000009	0.6331750673410043
0.10499999999999998	0.633108173527595
0.1060000000000001	0.6330406324114989
0.10699999999999998	0.6329724437855054
0.10799999999999987	0.6329036074403278
0.10899999999999999	0.6328341231645995
0.10999999999999988	0.6327639907448716
0.11099999999999999	0.6326932099656083
0.11199999999999988	0.6326217806091853
0.11299999999999999	0.6325497024558846
0.11399999999999988	0.6324769752838924
0.11499999999999999	0.6324035988692949
0.11599999999999988	0.6323295729860748
0.11699999999999999	0.6322548974061086
0.11799999999999988	0.6321795718991616
0.119	0.6321035962328856
0.11999999999999988	0.6320269701728145
0.121	0.6319496934823609
0.12199999999999989	0.6318717659228122
0.123	0.6317931872533273
0.12399999999999989	0.631713957230932
0.125	0.631634075610516
0.1259999999999999	0.6315535421448283
0.127	0.6314723565844741
0.1279999999999999	0.63139051867791
0.129	0.6313080281714405
0.1299999999999999	0.6312248848092143
0.131	0.6311410883332194
0.1319999999999999	0.6310566384832796
0.133	0.6309715349970503
0.1339999999999999	0.6308857776100144
0.135	0.6307993660554775
0.1359999999999999	0.6307123000645647
0.137	0.6306245793662151
0.1379999999999999	0.6305362036871788
0.139	0.6304471727520111
0.1399999999999999	0.6303574862830696
0.14100000000000001	0.6302671440005084
0.1419999999999999	0.6301761456222746
0.14300000000000002	0.6300844908641032
0.1439999999999999	0.629992179439513
0.14500000000000002	0.6298992110598011
0.1459999999999999	0.6298055854340397
0.14700000000000002	0.6297113022690703
0.1479999999999999	0.6296163612694994
0.14900000000000002	0.6295207621376933
0.1499999999999999	0.6294245045737741
0.15100000000000002	0.6293275882756142
0.1519999999999999	0.6292300129388315
0.15300000000000002	0.6291317782567852
0.15399999999999991	0.6290328839205694
0.15500000000000003	0.6289333296190095
0.15599999999999992	0.6288331150386562
0.15700000000000003	0.6287322398637814
0.15799999999999992	0.6286307037763716
0.15900000000000003	0.6285285064561245
0.15999999999999992	0.6284256475804421
0.16100000000000003	0.6283221268244263
0.16199999999999992	0.6282179438608742
0.16300000000000003	0.6281130983602711
0.16399999999999992	0.6280075899907867
0.16500000000000004	0.6279014184182685
0.16599999999999993	0.6277945833062376
0.16700000000000004	0.6276870843158817
0.16799999999999993	0.6275789211060504
0.16900000000000004	0.6274700933332497
0.16999999999999993	0.6273606006516356
0.17100000000000004	0.6272504427130093
0.17199999999999993	0.627139619166811
0.17300000000000004	0.6270281296601139
0.17399999999999993	0.6269159738376185
0.17500000000000004	0.6268031513416472
0.17599999999999993	0.6266896618121377
0.17700000000000005	0.6265755048866373
0.17799999999999994	0.6264606802002967
0.17900000000000005	0.6263451873858645
0.17999999999999994	0.6262290260736805
0.18100000000000005	0.6261121958916694
0.18199999999999994	0.6259946964653356
0.18300000000000005	0.6258765274177551
0.18399999999999994	0.6257576883695714
0.18500000000000005	0.6256381789389873
0.18599999999999994	0.6255179987417602
0.18700000000000006	0.6253971473911935
0.18799999999999994	0.625275624498132
0.18900000000000006	0.6251534296709543
0.18999999999999995	0.625030562515567
0.19100000000000006	0.624907022635397
0.19199999999999995	0.6247828096313858
0.19300000000000006	0.6246579231019818
0.19399999999999995	0.6245323626431345
0.19500000000000006	0.624406127848287
0.19599999999999995	0.6242792183083689
0.19700000000000006	0.62415163361179
0.19799999999999995	0.624023373344433
0.19900000000000007	0.6238944370896459
0.19999999999999996	0.6237648244282359
0.20100000000000007	0.6236345349384614
0.20199999999999996	0.6235035681960254
0.20300000000000007	0.623371923774067
0.20399999999999996	0.6232396012431561
0.20500000000000007	0.6231066001712839
0.20599999999999996	0.6229729201238572
0.20700000000000007	0.6228385606636895
0.20799999999999996	0.6227035213509945
0.20900000000000007	0.6225678017433778
0.20999999999999996	0.6224314013958295
0.21100000000000008	0.6222943198607166
0.21199999999999997	0.6221565566877754
0.21300000000000008	0.6220181114241026
0.21399999999999997	0.621878983614149
0.21500000000000008	0.6217391727997099
0.21599999999999997	0.6215986785199191
0.21700000000000008	0.6214575003112386
0.21799999999999997	0.6213156377074519
0.21900000000000008	0.6211730902396558
0.21999999999999997	0.6210298574362513
0.22100000000000009	0.6208859388229363
0.22199999999999998	0.6207413339226966
0.2230000000000001	0.6205960422557976
0.22399999999999998	0.6204500633397758
0.2250000000000001	0.6203033966894307
0.22599999999999998	0.6201560418168156
0.2270000000000001	0.6200079982312291
0.22799999999999998	0.6198592654392068
0.2290000000000001	0.6197098429445118
0.22999999999999998	0.6195597302481265
0.2310000000000001	0.6194089268482432
0.23199999999999998	0.6192574322402554
0.2330000000000001	0.619105245916749
0.23399999999999999	0.618952367367492
0.2350000000000001	0.6187987960794276
0.236	0.6186445315366622
0.23699999999999988	0.6184895732204586
0.238	0.6183339206092245
0.23899999999999988	0.618177573178505
0.24	0.6180205304009716
0.24099999999999988	0.6178627917464135
0.242	0.6177043566817275
0.24299999999999988	0.6175452246709087
0.244	0.6173853951750401
0.24499999999999988	0.6172248676522837
0.246	0.6170636415578695
0.2469999999999999	0.6169017163440869
0.248	0.6167390914602727
0.2489999999999999	0.6165757663528031
0.25	0.6164117404650818
0.2509999999999999	0.6162470132375311
0.252	0.6160815841075801
0.2529999999999999	0.6159154525096557
0.254	0.6157486178751715
0.2549999999999999	0.6155810796325172
0.256	0.6154128372070474
0.2569999999999999	0.6152438900210727
0.258	0.6150742374938467
0.2589999999999999	0.6149038790415566
0.26	0.614732814077312
0.2609999999999999	0.6145610420111332
0.262	0.6143885622499412
0.2629999999999999	0.6142153741975459
0.264	0.6140414772546346
0.2649999999999999	0.6138668708187615
0.266	0.6136915542843352
0.2669999999999999	0.6135155270426085
0.268	0.6133387884816657
0.2689999999999999	0.6131613379864115
0.27	0.6129831749385595
0.2709999999999999	0.6128042987166197
0.272	0.6126247086958873
0.2729999999999999	0.6124444042484305
0.274	0.6122633847430778
0.2749999999999999	0.6120816495454072
0.276	0.6118991980177327
0.2769999999999999	0.6117160295190929
0.278	0.6115321434052375
0.2789999999999999	0.6113475390286164
0.28	0.6111622157383655
0.2809999999999999	0.6109761728802954
0.28200000000000003	0.6107894097968776
0.2829999999999999	0.6106019258272322
0.28400000000000003	0.6104137203071148
0.2849999999999999	0.6102247925689039
0.28600000000000003	0.610035141941587
0.2869999999999999	0.6098447677507483
0.28800000000000003	0.6096536693185541
0.2889999999999999	0.6094618459637414
0.29000000000000004	0.6092692970016024
0.2909999999999999	0.609076021743972
0.29200000000000004	0.6088820194992143
0.2929999999999999	0.6086872895722079
0.29400000000000004	0.6084918312643328
0.29499999999999993	0.6082956438734566
0.29600000000000004	0.6080987266939195
0.29699999999999993	0.607901079016521
0.29800000000000004	0.6077027001285054
0.29899999999999993	0.6075035893135473
0.30000000000000004	0.6073037458517371
0.30099999999999993	0.6071031690195667
0.30200000000000005	0.6069018580899148
0.30299999999999994	0.6066998123320322
0.30400000000000005	0.6064970310115263
0.30499999999999994	0.6062935133903469
0.30600000000000005	0.6060892587267707
0.30699999999999994	0.6058842662753865
0.30800000000000005	0.6056785352870792
0.30899999999999994	0.6054720650090153
0.31000000000000005	0.6052648546846263
0.31099999999999994	0.6050569035535945
0.31200000000000006	0.604848210851836
0.31299999999999994	0.6046387758114854
0.31400000000000006	0.6044285976608796
0.31499999999999995	0.6042176756245422
0.31600000000000006	0.604006008923167
0.31699999999999995	0.6037935967736016
0.31800000000000006	0.6035804383888309
0.31899999999999995	0.6033665329779615
0.32000000000000006	0.6031518797462035
0.32099999999999995	0.6029364778948554
0.32200000000000006	0.6027203266212857
0.32299999999999995	0.6025034251189171
0.32400000000000007	0.6022857725772084
0.32499999999999996	0.6020673681816385
0.32600000000000007	0.6018482111136874
0.32699999999999996	0.60162830055082
0.32800000000000007	0.6014076356664682
0.32899999999999996	0.6011862156300126
0.33000000000000007	0.6009640396067655
0.33099999999999996	0.6007411067579522
0.3320000000000001	0.6005174162406931
0.33299999999999996	0.6002929672079855
0.3340000000000001	0.6000677588086855
0.33499999999999996	0.5998417901874885
0.3360000000000001	0.5996150604849119
0.33699999999999997	0.5993875688372752
0.3380000000000001	0.5991593143766819
0.33899999999999997	0.5989302962309995
0.3400000000000001	0.5987005135238415
0.34099999999999997	0.5984699653745469
0.3420000000000001	0.5982386508981615
0.34299999999999997	0.5980065692054185
0.3440000000000001	0.5977737194027173
0.345	0.5975401005921056
0.3460000000000001	0.5973057118712576
0.347	0.5970705523334552
0.3480000000000001	0.5968346210675667
0.349	0.5965979171580269
0.3500000000000001	0.5963604396848161
0.351	0.5961221877234395
0.3520000000000001	0.5958831603449063
0.353	0.5956433566157088
0.3540000000000001	0.5954027755978005
0.355	0.5951614163485754
0.3560000000000001	0.5949192779208462
0.357	0.5946763593628229
0.3580000000000001	0.59443265971809
0.359	0.5941881780255859
0.3600000000000001	0.5939429133195792
0.361	0.5936968646296478
0.3620000000000001	0.5934500309806553
0.363	0.5932024113927289
0.3640000000000001	0.5929540048812364
0.365	0.5927048104567632
0.3659999999999999	0.5924548271250889
0.367	0.5922040538871645
0.3679999999999999	0.5919524897390885
0.369	0.591700133672083
0.3699999999999999	0.5914469846724704
0.371	0.5911930417216488
0.3719999999999999	0.5909383037960683
0.373	0.5906827698672058
0.3739999999999999	0.5904264389015418
0.375	0.5901693098605338
0.3759999999999999	0.5899113817005931
0.377	0.5896526533730584
0.3779999999999999	0.5893931238241712
0.379	0.5891327919950498
0.3799999999999999	0.5888716568216642
0.381	0.5886097172348094
0.3819999999999999	0.5883469721600799
0.383	0.5880834205178435
0.3839999999999999	0.5878190612232144
0.385	0.5875538931860262
0.3859999999999999	0.5872879153108066
0.387	0.5870211264967481
0.3879999999999999	0.5867535256376823
0.389	0.586485111622052
0.3899999999999999	0.5862158833328833
0.391	0.5859458396477576
0.3919999999999999	0.5856749794387839
0.393	0.58540330157257
0.3939999999999999	0.5851308049101945
0.395	0.5848574883071775
0.3959999999999999	0.5845833506134516
0.397	0.584308390673333
0.3979999999999999	0.5840326073254918
0.399	0.5837559994029227
0.3999999999999999	0.583478565732915
0.401	0.5832003051370217
0.4019999999999999	0.5829212164310302
0.403	0.5826412984249316
0.4039999999999999	0.582360549922889
0.405	0.5820789697232072
0.4059999999999999	0.5817965566183013
0.40700000000000003	0.5815133093946652
0.4079999999999999	0.5812292268328392
0.40900000000000003	0.5809443077073789
0.4099999999999999	0.5806585507868224
0.41100000000000003	0.5803719548336576
0.4119999999999999	0.5800845186042898
0.41300000000000003	0.5797962408490084
0.4139999999999999	0.579507120311954
0.41500000000000004	0.5792171557310839
0.4159999999999999	0.5789263458381396
0.41700000000000004	0.5786346893586117
0.4179999999999999	0.5783421850117059
0.41900000000000004	0.5780488315103081
0.41999999999999993	0.5777546275609502
0.42100000000000004	0.577459571863774
0.42199999999999993	0.5771636631124965
0.42300000000000004	0.5768668999943737
0.42399999999999993	0.5765692811901649
0.42500000000000004	0.576270805374096
0.42599999999999993	0.5759714712138236
0.42700000000000005	0.5756712773703974
0.42799999999999994	0.5753702224982231
0.42900000000000005	0.5750683052450254
0.42999999999999994	0.5747655242518099
0.43100000000000005	0.5744618781528252
0.43199999999999994	0.5741573655755243
0.43300000000000005	0.5738519851405259
0.43399999999999994	0.5735457354615755
0.43500000000000005	0.5732386151455066
0.43599999999999994	0.5729306227922
0.43700000000000006	0.5726217569945444
0.43799999999999994	0.5723120163383969
0.43900000000000006	0.5720013994025408
0.43999999999999995	0.5716899047586462
0.44100000000000006	0.5713775309712276
0.44199999999999995	0.571064276597603
0.44300000000000006	0.5707501401878514
0.44399999999999995	0.5704351202847718
0.44500000000000006	0.5701192154238386
0.44599999999999995	0.5698024241331602
0.44700000000000006	0.5694847449334349
0.44799999999999995	0.5691661763379078
0.44900000000000007	0.5688467168523264
0.44999999999999996	0.5685263649748957
0.45100000000000007	0.5682051191962344
0.45199999999999996	0.5678829779993296
0.45300000000000007	0.5675599398594903
0.45399999999999996	0.5672360032443029
0.45500000000000007	0.5669111666135839
0.45599999999999996	0.5665854284193336
0.4570000000000001	0.5662587871056891
0.45799999999999996	0.5659312411088768
0.4590000000000001	0.5656027888571648
0.45999999999999996	0.5652734287708142
0.4610000000000001	0.5649431592620305
0.46199999999999997	0.5646119787349155
0.4630000000000001	0.5642798855854164
0.46399999999999997	0.5639468782012769
0.4650000000000001	0.5636129549619866
0.46599999999999997	0.5632781142387302
0.4670000000000001	0.5629423543943366
0.46799999999999997	0.5626056737832272
0.4690000000000001	0.5622680707513639
0.47	0.561929543636196
0.4710000000000001	0.5615900907666083
0.472	0.5612497104628675
0.4730000000000001	0.5609084010365679
0.474	0.5605661607905771
0.4750000000000001	0.5602229880189816
0.476	0.5598788810070322
0.4770000000000001	0.5595338380310864
0.478	0.5591878573585544
0.4790000000000001	0.5588409372478406
0.48	0.5584930759482882
0.4810000000000001	0.5581442717001197
0.482	0.5577945227343801
0.4830000000000001	0.5574438272728779
0.484	0.5570921835281254
0.4850000000000001	0.5567395897032796
0.486	0.5563860439920822
0.4870000000000001	0.5560315445787977
0.488	0.5556760896381532
0.4890000000000001	0.5553196773352765
0.49	0.5549623058256332
0.4910000000000001	0.554603973254964
0.492	0.5542446777592216
0.4929999999999999	0.5538844174645061
0.494	0.5535231904870006
0.4949999999999999	0.5531609949329062
0.496	0.552797828898376
0.4969999999999999	0.5524336904694491
0.498	0.5520685777219829
0.4989999999999999	0.5517024887215868
0.5	0.5513354215235523
0.5009999999999999	0.5509673741727863
0.502	0.5505983447037397
0.5029999999999999	0.5502283311403391
0.504	0.5498573314959148
0.5049999999999999	0.5494853437731305
0.506	0.5491123659639103
0.5069999999999999	0.5487383960493679
0.508	0.5483634319997309
0.5089999999999999	0.5479874717742694
0.51	0.5476105133212189
0.5109999999999999	0.5472325545777074
0.512	0.5468535934696774
0.5129999999999999	0.5464736279118109
0.514	0.5460926558074505
0.5149999999999999	0.5457106750485226
0.516	0.5453276835154575
0.5169999999999999	0.5449436790771107
0.518	0.5445586595906821
0.5189999999999999	0.544172622901635
0.52	0.5437855668436143
0.5209999999999999	0.5433974892383642
0.522	0.5430083878956442
0.5229999999999999	0.5426182606131461
0.524	0.5422271051764076
0.5249999999999999	0.541834919358728
0.526	0.5414417009210803
0.5269999999999999	0.5410474476120256
0.528	0.5406521571676223
0.5289999999999999	0.5402558273113403
0.53	0.5398584557539681
0.5309999999999999	0.5394600401935244
0.532	0.5390605783151647
0.5329999999999999	0.5386600677910905
0.534	0.5382585062804542
0.5349999999999999	0.5378558914292662
0.536	0.5374522208702991
0.5369999999999999	0.5370474922229914
0.538	0.5366417030933515
0.5389999999999999	0.5362348510738579
0.54	0.5358269337433623
0.5409999999999999	0.5354179486669887
0.542	0.5350078933960317
0.5429999999999999	0.5345967654678567
0.544	0.5341845624057951
0.5449999999999999	0.5337712817190414
0.546	0.5333569209025482
0.5469999999999999	0.5329414774369199
0.548	0.5325249487883061
0.5489999999999999	0.532107332408294
0.55	0.5316886257337977
0.5509999999999999	0.5312688261869497
0.552	0.5308479311749889
0.5529999999999999	0.5304259380901477
0.554	0.5300028443095396
0.5549999999999999	0.5295786471950432
0.556	0.5291533440931876
0.5569999999999999	0.5287269323350344
0.558	0.5282994092360599
0.5589999999999999	0.527870772096036
0.56	0.5274410181989085
0.5609999999999999	0.5270101448126774
0.562	0.5265781491892708
0.563	0.5261450285644236
0.5640000000000001	0.5257107801575498
0.565	0.5252754011716162
0.5660000000000001	0.5248388887930144
0.567	0.5244012401914316
0.5680000000000001	0.5239624525197182
0.569	0.5235225229137576
0.5700000000000001	0.5230814484923306
0.571	0.5226392263569822
0.5720000000000001	0.5221958535918841
0.573	0.5217513272636969
0.5740000000000001	0.5213056444214309
0.575	0.5208588020963059
0.5760000000000001	0.5204107973016079
0.577	0.5199616270325467
0.5780000000000001	0.5195112882661089
0.579	0.5190597779609133
0.5800000000000001	0.5186070930570601
0.581	0.5181532304759828
0.5820000000000001	0.5176981871202961
0.583	0.5172419598736424
0.5840000000000001	0.5167845456005369
0.585	0.5163259411462118
0.5860000000000001	0.5158661433364575
0.587	0.5154051489774633
0.5880000000000001	0.5149429548556546
0.589	0.5144795577375313
0.5900000000000001	0.5140149543695008
0.591	0.5135491414777125
0.5920000000000001	0.5130821157678879
0.593	0.5126138739251507
0.5940000000000001	0.5121444126138541
0.595	0.511673728477406
0.5960000000000001	0.5112018181380931
0.597	0.5107286781969025
0.5980000000000001	0.5102543052333409
0.599	0.5097786958052535
0.6000000000000001	0.509301846448638
0.601	0.5088237536774596
0.6020000000000001	0.5083444139834621
0.603	0.507863823835977
0.6040000000000001	0.5073819796817307
0.605	0.5068988779446502
0.6060000000000001	0.5064145150256653
0.607	0.5059288873025097
0.6080000000000001	0.5054419911295187
0.609	0.5049538228374262
0.6100000000000001	0.5044643787331573
0.611	0.5039736550996202
0.6120000000000001	0.5034816481954959
0.613	0.5029883542550229
0.6140000000000001	0.5024937694877827
0.615	0.5019978900784811
0.6160000000000001	0.5015007121867264
0.617	0.5010022319468069
0.6180000000000001	0.500502445467464
0.619	0.5000013488316634
0.6199999999999999	0.4994989380963636
0.621	0.4989952092922819
0.6219999999999999	0.49849015842365724
0.623	0.4979837814680101
0.6239999999999999	0.4974760743759
0.625	0.4969670330706801
0.6259999999999999	0.49645665344824835
0.627	0.49594493137679624
0.6279999999999999	0.49543186269655426
0.629	0.4949174432195342
0.6299999999999999	0.49440166872926883
0.631	0.4938845349805474
0.6319999999999999	0.4933660376991499
0.633	0.49284617258157476
0.6339999999999999	0.49232493529476784
0.635	0.49180232147584296
0.6359999999999999	0.49127832673180355
0.637	0.49075294663925784
0.6379999999999999	0.4902261767441322
0.639	0.4896980125613798
0.6399999999999999	0.4891684495746866
0.641	0.48863748323617306
0.6419999999999999	0.4881051089660927
0.643	0.48757132215252613
0.6439999999999999	0.4870361181510719
0.645	0.4864994922845331
0.6459999999999999	0.48596143984260065
0.647	0.4854219560815308
0.6479999999999999	0.48488103622382184
0.649	0.4843386754578824
0.6499999999999999	0.48379486893769963
0.651	0.4832496117825002
0.6519999999999999	0.48270289907640884
0.653	0.4821547258681009
0.6539999999999999	0.4816050871704519
0.655	0.4810539779601816
0.6559999999999999	0.4805013931774939
0.657	0.4799473277257113
0.6579999999999999	0.4793917764709064
0.659	0.478834734241526
0.6599999999999999	0.4782761958280127
0.661	0.47771615598241945
0.6619999999999999	0.4771546094180214
0.663	0.4765915508089195
0.6639999999999999	0.4760269747896422
0.665	0.4754608759547388
0.6659999999999999	0.47489324885837014
0.667	0.4743240880138908
0.6679999999999999	0.47375338789342925
0.669	0.47318114292745855
0.6699999999999999	0.47260734750436467
0.671	0.472031995970006
0.6719999999999999	0.4714550826272696
0.673	0.4708766017356188
0.6739999999999999	0.4702965475106371
0.675	0.4697149141235633
0.6759999999999999	0.46913169570082275
0.677	0.46854688632354974
0.6779999999999999	0.4679604800271053
0.679	0.46737247080058686
0.6799999999999999	0.466782852586332
0.681	0.4661916192794143
0.6819999999999999	0.46559876472713385
0.683	0.46500428272849753
0.6839999999999999	0.46440816703369625
0.685	0.4638104113435701
0.6859999999999999	0.46321100930906983
0.687	0.4626099545307081
0.688	0.46200724055800446
0.6890000000000001	0.4614028608889211
0.69	0.46079680896929137
0.6910000000000001	0.46018907819223975
0.692	0.4595796618975935
0.6930000000000001	0.45896855337128556
0.694	0.45835574584474914
0.6950000000000001	0.4577412324943025
0.696	0.45712500644052634
0.6970000000000001	0.4565070607476301
0.698	0.45588738842281123
0.6990000000000001	0.45526598241560173
0.7	0.45464283561720853
0.7009999999999998	0.45401794085984165
0.7020000000000002	0.45339129091603214
0.7030000000000001	0.452762878497943
0.704	0.45213269625666463
0.7049999999999998	0.4515007367815039
0.7060000000000002	0.45086699259926016
0.7070000000000001	0.4502314561734924
0.708	0.44959411990377135
0.7089999999999999	0.44895497612492413
0.7100000000000002	0.44831401710626545
0.7110000000000001	0.4476712350508171
0.712	0.44702662209451494
0.7129999999999999	0.44638017030540444
0.7140000000000002	0.4457318716828229
0.7150000000000001	0.4450817181565702
0.716	0.44442970158606415
0.7169999999999999	0.4437758137594845
0.7180000000000002	0.44312004639290287
0.7190000000000001	0.44246239112939934
0.72	0.44180283953816324
0.7209999999999999	0.44114138311358153
0.7220000000000002	0.4404780132743114
0.7230000000000001	0.43981272136233923
0.724	0.439145498642022
0.7249999999999999	0.4384763362991154
0.7260000000000002	0.43780522543978473
0.7270000000000001	0.43713215708960146
0.728	0.43645712219252025
0.7289999999999999	0.435780111609842
0.7300000000000002	0.4351011161191582
0.7310000000000001	0.43442012641327926
0.732	0.43373713309914236
0.7329999999999999	0.43305212669670373
0.7340000000000002	0.432365097637811
0.7350000000000001	0.4316760362650575
0.736	0.43098493283061523
0.7369999999999999	0.43029177749505026
0.7380000000000002	0.42959656032611654
0.7390000000000001	0.4288992712975311
0.74	0.4281999002877241
0.7409999999999999	0.4274984370785721
0.7420000000000002	0.42679487135410593
0.7430000000000001	0.4260891926991992
0.744	0.4253813905982301
0.7449999999999999	0.4246714544337234
0.7460000000000002	0.42395937348496626
0.7470000000000001	0.4232451369266014
0.748	0.4225287338271936
0.7489999999999999	0.4218101531477716
0.7499999999999998	0.42108938374034416
0.7510000000000001	0.42036641434638916
0.752	0.4196412335953165
0.7529999999999999	0.4189138300029006
0.7539999999999998	0.41818419196968754
0.7550000000000001	0.4174523077793712
0.756	0.4167181655971416
0.7569999999999999	0.41598175346800004
0.7579999999999998	0.41524305931504546
0.7590000000000001	0.4145020709377286
0.76	0.4137587760100742
0.7609999999999999	0.4130131620788675
0.7619999999999998	0.4122652165618104
0.7630000000000001	0.41151492674563933
0.764	0.4107622797842116
0.7649999999999999	0.41000726269655047
0.7659999999999998	0.4092498623648574
0.7670000000000001	0.4084900655324829
0.768	0.40772785880186224
0.7689999999999999	0.4069632286324056
0.7699999999999998	0.4061961613383529
0.7710000000000001	0.4054266430865832
0.772	0.4046546598943843
0.7729999999999999	0.4038801976271741
0.7739999999999998	0.4031032419961812
0.7750000000000001	0.40232377855607726
0.776	0.4015417927025637
0.7769999999999999	0.4007572696699076
0.7779999999999998	0.3999701945284307
0.7790000000000001	0.3991805521819461
0.78	0.3983883273651445
0.7809999999999999	0.3975935046409248
0.7819999999999998	0.39679606839767173
0.7830000000000001	0.39599600284647757
0.784	0.3951932920183069
0.7849999999999999	0.39438791976109927
0.7859999999999998	0.393579869736816
0.7870000000000001	0.3927691254184216
0.788	0.3919556700868048
0.7889999999999999	0.39113948682763
0.7899999999999998	0.39032055852812647
0.7910000000000001	0.3894988678738057
0.792	0.3886743973451116
0.7929999999999999	0.3878471292139938
0.7939999999999998	0.38701704554041055
0.7950000000000002	0.3861841281687546
0.796	0.38534835872420103
0.7969999999999999	0.3845097186089724
0.7979999999999998	0.3836681889985253
0.7990000000000002	0.3828237508376486
0.8	0.3819763848364784
0.8009999999999999	0.3811260714664194
0.8019999999999998	0.380272790955977
0.8030000000000002	0.3794165232864946
0.804	0.37855724818779474
0.8049999999999999	0.377694945133717
0.8059999999999998	0.3768295933375568
0.8070000000000002	0.375961171747398
0.808	0.37508965904133645
0.8089999999999999	0.37421503362259095
0.8099999999999998	0.3733372736145012
0.8110000000000002	0.3724563568554066
0.812	0.37157226089340506
0.813	0.37068496298098264
0.8139999999999998	0.3697944400695198
0.8150000000000002	0.3689006688036601
0.8160000000000001	0.3680036255155476
0.817	0.3671032862189173
0.8179999999999998	0.36619962660304634
0.8190000000000002	0.36529262202655244
0.8200000000000001	0.36438224751104215
0.821	0.36346847773459584
0.8219999999999998	0.36255128702509337
0.8230000000000002	0.3616306493533697
0.8240000000000001	0.3607065383261988
0.825	0.35977892717909504
0.8259999999999998	0.35884778876893314
0.8270000000000002	0.3579130955663764
0.8280000000000001	0.3569748196481104
0.829	0.35603293268886943
0.8299999999999998	0.3550874059532587
0.8310000000000002	0.3541382102873575
0.8320000000000001	0.3531853161101017
0.833	0.3522286934044324
0.8339999999999999	0.3512683117082098
0.8350000000000002	0.3503041401048799
0.8360000000000001	0.3493361472138895
0.837	0.3483643011808335
0.8379999999999999	0.3473885696673365
0.8390000000000002	0.34640891984065064
0.8400000000000001	0.3454253183629658
0.841	0.34443773138041583
0.8419999999999999	0.3434461245117783
0.8430000000000002	0.342450462836851
0.8440000000000001	0.34145071088449713
0.845	0.34044683262034436
0.8459999999999999	0.33943879143412925
0.8470000000000002	0.33842655012667194
0.8480000000000001	0.3374100708964698
0.849	0.3363893153258917
0.8499999999999999	0.33536424436696405
0.8510000000000002	0.3343348183267312
0.8520000000000001	0.3333009968521748
0.853	0.3322627389146725
0.8539999999999999	0.33122000279398506
0.8550000000000002	0.33017274606174873
0.8560000000000001	0.3291209255644591
0.857	0.32806449740591803
0.8579999999999999	0.3270034169291359
0.8590000000000002	0.3259376386976564
0.8600000000000001	0.3248671164762897
0.861	0.3237918032112234
0.8619999999999999	0.3227116510094939
0.8630000000000002	0.3216266111177869
0.8640000000000001	0.3205366339005456
0.865	0.31944166881735053
0.8659999999999999	0.3183416643995515
0.8670000000000002	0.3172365682261117
0.8680000000000001	0.3161263268986399
0.869	0.31501088601556665
0.8699999999999999	0.31389019014543956
0.8710000000000002	0.3127641827992921
0.8720000000000001	0.3116328064020528
0.873	0.3104960022629454
0.8739999999999999	0.3093537105448452
0.8750000000000002	0.3082058702325406
0.8760000000000001	0.30705241909985526
0.877	0.30589329367557216
0.8779999999999999	0.30472842920811927
0.8789999999999998	0.3035577596289493
0.8800000000000001	0.3023812175145591
0.881	0.3011987340470887
0.8819999999999999	0.30001023897342544
0.8829999999999998	0.29881566056275577
0.8840000000000001	0.2976149255624813
0.885	0.29640795915242907
0.8859999999999999	0.29519468489726597
0.8869999999999998	0.2939750246970403
0.8880000000000001	0.29274889873575216
0.889	0.29151622542786104
0.8899999999999999	0.2902769213626199
0.8909999999999998	0.2890309012461383
0.8920000000000001	0.28777807784105147
0.893	0.2865183619036782
0.8939999999999999	0.28525166211853226
0.8949999999999998	0.2839778850300577
0.8960000000000001	0.28269693497143733
0.897	0.28140871399032225
0.8979999999999999	0.2801131217713126
0.8989999999999998	0.2788100555550223
0.9000000000000001	0.2774994100535351
0.901	0.27618107736205794
0.9019999999999999	0.2748549468665522
0.9029999999999998	0.27352090514712907
0.9040000000000001	0.27217883587695646
0.905	0.27082861971643113
0.9059999999999999	0.26947013420232774
0.9069999999999998	0.2681032536316467
0.9080000000000001	0.2667278489398334
0.909	0.2653437875730421
0.9099999999999999	0.26395093335407255
0.9109999999999998	0.26254914634160526
0.9120000000000001	0.2611382826823103
0.913	0.25971819445539107
0.9139999999999999	0.2582887295090743
0.9149999999999998	0.2568497312885423
0.9160000000000001	0.2554010386547439
0.917	0.25394248569349154
0.9179999999999999	0.25247390151419136
0.9189999999999998	0.2509951100375211
0.9200000000000002	0.24950592977129418
0.921	0.24800617357370408
0.9219999999999999	0.2464956484030575
0.9229999999999998	0.24497415505305545
0.9240000000000002	0.2434414878725772
0.925	0.2418974344688497
0.9259999999999999	0.24034177539277266
0.9269999999999998	0.23877428380508192
0.9280000000000002	0.23719472512189338
0.929	0.23560285663805713
0.9299999999999999	0.23399842712658667
0.9309999999999998	0.23238117641229325
0.9320000000000002	0.2307508349175516
0.933	0.22910712317794604
0.9339999999999999	0.22744975132530518
0.9349999999999998	0.22577841853541514
0.9360000000000002	0.22409281243740042
0.937	0.2223926084814789
0.938	0.22067746926143159
0.9389999999999998	0.21894704378777316
0.9400000000000002	0.21720096670715106
0.9410000000000001	0.21543885746303618
0.942	0.21366031939220057
0.9429999999999998	0.2118649387508871
0.9440000000000002	0.210052283663849
0.9450000000000001	0.20822190298866416
0.946	0.20637332508680584
0.9469999999999998	0.20450605649195205
0.9480000000000002	0.20261958046480977
0.9490000000000001	0.20071335542241106
0.95	0.19878681322827207
0.9509999999999998	0.1968393573280559
0.9520000000000002	0.1948703607133037
0.9530000000000001	0.19287916369345273
0.954	0.1908650714535785
0.9549999999999998	0.18882735137213247
0.9560000000000002	0.1867652300691724
0.9570000000000001	0.18467789015122676
0.958	0.18256446661376233
0.9589999999999999	0.18042404285617739
0.9600000000000002	0.17825564625702295
0.9610000000000001	0.17605824324862387
0.962	0.17383073382004582
0.9629999999999999	0.17157194536514667
0.9640000000000002	0.1692806257776922
0.9650000000000001	0.16695543567771265
0.966	0.1645949396315813
0.9669999999999999	0.16219759620183719
0.9680000000000002	0.15976174663017884
0.9690000000000001	0.15728560191682614
0.97	0.1547672280093315
0.9709999999999999	0.15220452875124243
0.9720000000000002	0.14959522616188006
0.9730000000000001	0.14693683751803685
0.974	0.14422664857966125
0.9749999999999999	0.14146168213541618
0.9760000000000002	0.13863866082728452
0.9770000000000001	0.13575396292825412
0.978	0.13280356936773194
0.9789999999999999	0.12978299978901497
0.9800000000000002	0.12668723472789933
0.9810000000000001	0.12351062004179988
0.982	0.12024674837416226
0.9829999999999999	0.1168883105248323
0.9840000000000002	0.11342690682320937
0.9850000000000001	0.10985280450199744
0.986	0.10615462087807764
0.9869999999999999	0.10231890256411065
0.9880000000000002	0.09832955568607243
0.9890000000000001	0.0941670570436313
0.99	0.08980733352259095
0.9909999999999999	0.08522012137962785
0.9920000000000002	0.0803664758019166
0.9930000000000001	0.07519482155722684
0.994	0.06963434035422153
0.9949999999999999	0.06358310259379632
0.9960000000000002	0.05688470730943262
0.9970000000000001	0.04927594065310172
0.998	0.040243709324035655
0.9989999999999999	0.02846372014351226
1.0000000000000002	0.
1.0010000000000001	0.
1.002	0.
1.003	0.
1.0040000000000002	0.
1.0050000000000001	0.
1.006	0.
1.007	0.
1.0079999999999998	0.
1.0090000000000001	0.
1.01	0.
1.011	0.
1.0119999999999998	0.
1.0130000000000001	0.
1.014	0.
1.015	0.
1.0159999999999998	0.
1.0170000000000001	0.
1.018	0.
1.019	0.
1.0199999999999998	0.
1.0210000000000001	0.
1.022	0.
1.023	0.
1.0239999999999998	0.
1.0250000000000001	0.
1.026	0.
1.027	0.
1.0279999999999998	0.
1.0290000000000001	0.
1.03	0.
1.031	0.
1.0319999999999998	0.
1.0330000000000001	0.
1.034	0.
1.035	0.
1.0359999999999998	0.
1.0370000000000001	0.
1.038	0.
1.039	0.
1.0399999999999998	0.
1.0410000000000001	0.
1.042	0.
1.043	0.
1.0439999999999998	0.
1.0450000000000002	0.
1.046	0.
1.047	0.
1.0479999999999998	0.
1.0490000000000002	0.
1.05	0.
1.051	0.
1.0519999999999998	0.
1.0530000000000002	0.
1.054	0.
1.055	0.
1.0559999999999998	0.
1.0570000000000002	0.
1.058	0.
1.059	0.
1.0599999999999998	0.
1.0610000000000002	0.
1.062	0.
1.063	0.
1.0639999999999998	0.
1.0650000000000002	0.
1.066	0.
1.067	0.
1.0679999999999998	0.
1.0690000000000002	0.
1.07	0.
1.071	0.
1.0719999999999998	0.
1.0730000000000002	0.
1.074	0.
1.075	0.
1.0759999999999998	0.
1.0770000000000002	0.
1.078	0.
1.079	0.
1.0799999999999998	0.
1.0810000000000002	0.
1.082	0.
1.083	0.
1.0839999999999999	0.
1.0850000000000002	0.
1.086	0.
1.087	0.
1.0879999999999999	0.
1.0890000000000002	0.
1.09	0.
1.091	0.
1.0919999999999999	0.
1.0930000000000002	0.
1.094	0.
1.095	0.
1.0959999999999999	0.
1.0970000000000002	0.
1.098	0.
1.099	0.
1.0999999999999999	0.
1.1010000000000002	0.
1.102	0.
1.103	0.
1.1039999999999999	0.
1.1050000000000002	0.
1.106	0.
1.107	0.
1.1079999999999999	0.
1.1090000000000002	0.
1.11	0.
1.111	0.
1.1119999999999999	0.
1.1130000000000002	0.
1.114	0.
1.115	0.
1.1159999999999999	0.
1.1170000000000002	0.
1.118	0.
1.119	0.
1.1199999999999999	0.
1.1210000000000002	0.
1.122	0.
1.123	0.
1.1239999999999999	0.
1.1250000000000002	0.
1.1260000000000001	0.
1.127	0.
1.128	0.
1.1290000000000002	0.
1.1300000000000001	0.
1.131	0.
1.132	0.
1.1329999999999998	0.
1.1340000000000001	0.
1.135	0.
1.136	0.
1.1369999999999998	0.
1.1380000000000001	0.
1.139	0.
1.14	0.
1.1409999999999998	0.
1.1420000000000001	0.
1.143	0.
1.144	0.
1.1449999999999998	0.
1.1460000000000001	0.
1.147	0.
1.148	0.
1.1489999999999998	0.
1.1500000000000001	0.
1.151	0.
1.152	0.
1.1529999999999998	0.
1.1540000000000001	0.
1.155	0.
1.156	0.
1.1569999999999998	0.
1.1580000000000001	0.
1.159	0.
1.16	0.
1.1609999999999998	0.
1.1620000000000001	0.
1.163	0.
1.164	0.
1.1649999999999998	0.
1.1660000000000001	0.
1.167	0.
1.168	0.
1.1689999999999998	0.
1.1700000000000002	0.
1.171	0.
1.172	0.
1.1729999999999998	0.
1.1740000000000002	0.
1.175	0.
1.176	0.
1.1769999999999998	0.
1.1780000000000002	0.
1.179	0.
1.18	0.
1.1809999999999998	0.
1.1820000000000002	0.
1.183	0.
1.184	0.
1.1849999999999998	0.
1.1860000000000002	0.
1.187	0.
1.188	0.
1.1889999999999998	0.
1.1900000000000002	0.
1.191	0.
1.192	0.
1.1929999999999998	0.
1.1940000000000002	0.
1.195	0.
1.196	0.
1.1969999999999998	0.
1.1980000000000002	0.
1.199	0.
1.2	0.
1.2009999999999998	0.
1.2020000000000002	0.
1.203	0.
1.204	0.
1.2049999999999998	0.
1.2060000000000002	0.
1.207	0.
1.208	0.
1.2089999999999999	0.
1.2100000000000002	0.
1.211	0.
1.212	0.
1.2129999999999999	0.
1.2140000000000002	0.
1.215	0.
1.216	0.
1.2169999999999999	0.
1.2180000000000002	0.
1.219	0.
1.22	0.
1.2209999999999999	0.
1.2220000000000002	0.
1.223	0.
1.224	0.
1.2249999999999999	0.
1.2260000000000002	0.
1.227	0.
1.228	0.
1.2289999999999999	0.
1.2300000000000002	0.
1.231	0.
1.232	0.
1.2329999999999999	0.
1.2340000000000002	0.
1.235	0.
1.236	0.
1.2369999999999999	0.
1.2380000000000002	0.
1.239	0.
1.24	0.
1.2409999999999999	0.
1.2420000000000002	0.
1.243	0.
1.244	0.
1.2449999999999999	0.
1.2460000000000002	0.
1.247	0.
1.248	0.
1.2489999999999999	0.
1.2500000000000002	0.
1.2510000000000001	0.
1.252	0.
1.253	0.
1.2540000000000002	0.
1.2550000000000001	0.
1.256	0.
1.257	0.
1.2580000000000002	0.
1.2590000000000001	0.
1.26	0.
1.261	0.
1.2619999999999998	0.
1.2630000000000001	0.
1.264	0.
1.265	0.
1.2659999999999998	0.
1.2670000000000001	0.
1.268	0.
1.269	0.
1.2699999999999998	0.
1.2710000000000001	0.
1.272	0.
1.273	0.
1.2739999999999998	0.
1.2750000000000001	0.
1.276	0.
1.277	0.
1.2779999999999998	0.
1.2790000000000001	0.
1.28	0.
1.281	0.
1.2819999999999998	0.
1.2830000000000001	0.
1.284	0.
1.285	0.
1.2859999999999998	0.
1.2870000000000001	0.
1.288	0.
1.289	0.
1.2899999999999998	0.
1.2910000000000001	0.
1.292	0.
1.293	0.
1.2939999999999998	0.
1.2950000000000002	0.
1.296	0.
1.297	0.
1.2979999999999998	0.
1.2990000000000002	0.
1.3	0.