-1.3	0.
-1.2990000000000002	0.
-1.298	0.
-1.2970000000000002	0.
-1.296	0.
-1.2950000000000002	0.
-1.294	0.
-1.2930000000000001	0.
-1.292	0.
-1.2910000000000001	0.
-1.29	0.
-1.2890000000000001	0.
-1.288	0.
-1.2870000000000001	0.
-1.286	0.
-1.2850000000000001	0.
-1.284	0.
-1.2830000000000001	0.
-1.282	0.
-1.2810000000000001	0.
-1.28	0.
-1.2790000000000001	0.
-1.278	0.
-1.2770000000000001	0.
-1.276	0.
-1.2750000000000001	0.
-1.274	0.
-1.2730000000000001	0.
-1.272	0.
-1.2710000000000001	0.
-1.27	0.
-1.2690000000000001	0.
-1.268	0.
-1.2670000000000001	0.
-1.266	0.
-1.2650000000000001	0.
-1.264	0.
-1.2630000000000001	0.
-1.262	0.
-1.2610000000000001	0.
-1.26	0.
-1.2590000000000001	0.
-1.258	0.
-1.2570000000000001	0.
-1.256	0.
-1.2550000000000001	0.
-1.254	0.
-1.2530000000000001	0.
-1.252	0.
-1.2510000000000001	0.
-1.25	0.
-1.249	0.
-1.248	0.
-1.247	0.
-1.246	0.
-1.245	0.
-1.244	0.
-1.243	0.
-1.242	0.
-1.241	0.
-1.24	0.
-1.239	0.
-1.238	0.
-1.237	0.
-1.236	0.
-1.235	0.
-1.234	0.
-1.233	0.
-1.232	0.
-1.231	0.
-1.23	0.
-1.229	0.
-1.228	0.
-1.227	0.
-1.226	0.
-1.225	0.
-1.224	0.
-1.223	0.
-1.222	0.
-1.221	0.
-1.22	0.
-1.219	0.
-1.218	0.
-1.217	0.
-1.216	0.
-1.215	0.
-1.214	0.
-1.213	0.
-1.212	0.
-1.211	0.
-1.21	0.
-1.209	0.
-1.208	0.
-1.207	0.
-1.206	0.
-1.205	0.
-1.204	0.
-1.203	0.
-1.202	0.
-1.201	0.
-1.2	0.
-1.199	0.
-1.198	0.
-1.197	0.
-1.196	0.
-1.195	0.
-1.194	0.
-1.193	0.
-1.192	0.
-1.191	0.
-1.19	0.
-1.189	0.
-1.188	0.
-1.187	0.
-1.186	0.
-1.185	0.
-1.184	0.
-1.183	0.
-1.182	0.
-1.181	0.
-1.1800000000000002	0.
-1.179	0.
-1.178	0.
-1.177	0.
-1.1760000000000002	0.
-1.175	0.
-1.174	0.
-1.173	0.
-1.1720000000000002	0.
-1.171	0.
-1.17	0.
-1.169	0.
-1.1680000000000001	0.
-1.167	0.
-1.166	0.
-1.165	0.
-1.1640000000000001	0.
-1.163	0.
-1.162	0.
-1.161	0.
-1.1600000000000001	0.
-1.159	0.
-1.158	0.
-1.157	0.
-1.1560000000000001	0.
-1.155	0.
-1.1540000000000001	0.
-1.153	0.
-1.1520000000000001	0.
-1.151	0.
-1.1500000000000001	0.
-1.149	0.
-1.1480000000000001	0.
-1.147	0.
-1.1460000000000001	0.
-1.145	0.
-1.1440000000000001	0.
-1.143	0.
-1.1420000000000001	0.
-1.141	0.
-1.1400000000000001	0.
-1.139	0.
-1.1380000000000001	0.
-1.137	0.
-1.1360000000000001	0.
-1.135	0.
-1.1340000000000001	0.
-1.133	0.
-1.1320000000000001	0.
-1.131	0.
-1.1300000000000001	0.
-1.129	0.
-1.1280000000000001	0.
-1.127	0.
-1.1260000000000001	0.
-1.125	0.
-1.124	0.
-1.123	0.
-1.122	0.
-1.121	0.
-1.12	0.
-1.119	0.
-1.118	0.
-1.117	0.
-1.116	0.
-1.115	0.
-1.114	0.
-1.113	0.
-1.112	0.
-1.111	0.
-1.11	0.
-1.109	0.
-1.108	0.
-1.107	0.
-1.106	0.
-1.105	0.
-1.104	0.
-1.103	0.
-1.102	0.
-1.101	0.
-1.1	0.
-1.099	0.
-1.098	0.
-1.097	0.
-1.096	0.
-1.095	0.
-1.094	0.
-1.093	0.
-1.092	0.
-1.091	0.
-1.09	0.
-1.089	0.
-1.088	0.
-1.087	0.
-1.086	0.
-1.085	0.
-1.084	0.
-1.083	0.
-1.082	0.
-1.081	0.
-1.08	0.
-1.079	0.
-1.078	0.
-1.077	0.
-1.076	0.
-1.075	0.
-1.074	0.
-1.073	0.
-1.072	0.
-1.071	0.
-1.07	0.
-1.069	0.
-1.068	0.
-1.067	0.
-1.066	0.
-1.065	0.
-1.064	0.
-1.063	0.
-1.062	0.
-1.061	0.
-1.06	0.
-1.0590000000000002	0.
-1.058	0.
-1.057	0.
-1.056	0.
-1.0550000000000002	0.
-1.054	0.
-1.053	0.
-1.052	0.
-1.0510000000000002	0.
-1.05	0.
-1.049	0.
-1.048	0.
-1.0470000000000002	0.
-1.046	0.
-1.045	0.
-1.044	0.
-1.0430000000000001	0.
-1.042	0.
-1.041	0.
-1.04	0.
-1.0390000000000001	0.
-1.038	0.
-1.037	0.
-1.036	0.
-1.0350000000000001	0.
-1.034	0.
-1.033	0.
-1.032	0.
-1.0310000000000001	0.
-1.03	0.
-1.029	0.
-1.028	0.
-1.0270000000000001	0.
-1.026	0.
-1.025	0.
-1.024	0.
-1.0230000000000001	0.
-1.022	0.
-1.021	0.
-1.02	0.
-1.0190000000000001	0.
-1.018	0.
-1.017	0.
-1.016	0.
-1.0150000000000001	0.
-1.014	0.
-1.013	0.
-1.012	0.
-1.0110000000000001	0.
-1.01	0.
-1.0090000000000001	0.
-1.008	0.
-1.0070000000000001	0.
-1.006	0.
-1.0050000000000001	0.
-1.004	0.
-1.0030000000000001	0.
-1.002	0.
-1.0010000000000001	0.
-1.	0.
-0.9990000000000001	0.00005689830305942251
-0.998	0.0001608119589213811
-0.9970000000000001	0.0002952086660561607
-0.996	0.0004541621272236083
-0.9950000000000001	0.0006342339409210516
-0.994	0.0008330953866151362
-0.9930000000000001	0.0010490305381292318
-0.992	0.001280704998624063
-0.9910000000000001	0.0015270412793539955
-0.99	0.0017871447825966724
-0.9890000000000001	0.0020602566537187656
-0.988	0.0023457221140422927
-0.9870000000000001	0.0026429682872142193
-0.986	0.002951488142013171
-0.9850000000000001	0.003270828537121261
-0.984	0.0036005811099761565
-0.9830000000000001	0.003940375193726851
-0.982	0.004289872215610937
-0.9810000000000001	0.004648761200184621
-0.98	0.005016755111697818
-0.9790000000000001	0.00539358784412075
-0.978	0.00577901171821784
-0.9770000000000001	0.006172795380689577
-0.976	0.006574722025830671
-0.9750000000000001	0.006984587878595439
-0.974	0.007402200891560244
-0.9730000000000001	0.007827379618423756
-0.972	0.008259952234375825
-0.9710000000000001	0.008699755679542995
-0.97	0.009146634906275347
-0.9690000000000001	0.009600442214590069
-0.968	0.010061036662896572
-0.9670000000000001	0.010528283543352128
-0.966	0.011002053912989715
-0.9650000000000001	0.011482224173196743
-0.964	0.011968675691302392
-0.9630000000000001	0.012461294458984631
-0.962	0.012959970783004851
-0.9610000000000001	0.013464599004424933
-0.96	0.013975077243013152
-0.9590000000000001	0.014491307163993935
-0.958	0.015013193764685908
-0.9570000000000001	0.015540645178889315
-0.956	0.01607357249716518
-0.9550000000000001	0.016611889601374517
-0.954	0.01715551301205304
-0.9530000000000001	0.017704361747361255
-0.952	0.018258357192503523
-0.9510000000000001	0.01881742297863086
-0.95	0.01938148487035991
-0.9490000000000001	0.01995047066112847
-0.9480000000000001	0.020524310075699943
-0.9470000000000001	0.021102934679195447
-0.9460000000000001	0.021686277792101007
-0.9450000000000001	0.022274274410752457
-0.9440000000000001	0.0228668611328491
-0.9430000000000001	0.02346397608759416
-0.9420000000000001	0.02406555887009556
-0.9410000000000001	0.024671550479698687
-0.9400000000000001	0.025281893261950166
-0.9390000000000001	0.02589653085392248
-0.9380000000000001	0.02651540813265044
-0.937	0.027138471166455663
-0.936	0.027765667168952318
-0.935	0.028396944455546403
-0.934	0.029032252402256764
-0.933	0.029671541406699493
-0.932	0.030314762851091345
-0.931	0.030961869067138874
-0.93	0.03161281330269077
-0.929	0.03226754969004032
-0.928	0.03292603321577411
-0.927	0.033588219692070646
-0.926	0.034254065729359864
-0.925	0.034923528710260984
-0.924	0.03559656676472271
-0.923	0.036273138746294814
-0.922	0.036953204209465046
-0.921	0.03763672338800076
-0.92	0.038323657174237635
-0.919	0.03901396709926333
-0.918	0.03970761531394599
-0.917	0.04040456457076146
-0.916	0.041104778206377215
-0.915	0.0418082201249509
-0.914	0.04251485478210799
-0.913	0.043224647169561176
-0.912	0.043937562800340564
-0.911	0.04465356769460155
-0.91	0.045372628365983374
-0.909	0.04609471180848961
-0.908	0.04681978548386538
-0.907	0.04754781730944761
-0.906	0.04827877564646483
-0.905	0.04901262928876578
-0.904	0.049749347451956485
-0.903	0.050488899762926774
-0.902	0.05123125624974815
-0.901	0.051976387331926395
-0.9	0.05272426381099291
-0.899	0.0534748568614195
-0.898	0.054228138021842204
-0.897	0.054984079186581034
-0.896	0.05574265259744266
-0.895	0.0565038308357938
-0.894	0.057267586814893585
-0.893	0.05803389377247502
-0.892	0.0588027252635637
-0.891	0.059574055153525145
-0.89	0.060347857611331025
-0.889	0.061124107103035175
-0.888	0.06190277838545142
-0.887	0.0626838465000248
-0.886	0.06346728676688886
-0.885	0.06425307477910139
-0.884	0.06504118639705239
-0.883	0.0658315977430366
-0.8820000000000001	0.0666242851959852
-0.881	0.06741922538635095
-0.8800000000000001	0.0682163951911389
-0.879	0.0690157717290812
-0.8780000000000001	0.06981733235594573
-0.877	0.070621054659979
-0.8760000000000001	0.07142691645747293
-0.875	0.07223489578845702
-0.8740000000000001	0.07304497091250511
-0.873	0.0738571203046591
-0.8720000000000001	0.07467132265145913
-0.871	0.07548755684708308
-0.8700000000000001	0.07630580198958506
-0.869	0.07712603737723574
-0.8680000000000001	0.07794824250495502
-0.867	0.07877239706084035
-0.8660000000000001	0.07959848092278052
-0.865	0.08042647415515922
-0.8640000000000001	0.08125635700563881
-0.863	0.0820881099020272
-0.8620000000000001	0.08292171344922082
-0.861	0.08375714842622486
-0.8600000000000001	0.0845943957832448
-0.859	0.08543343663885053
-0.8580000000000001	0.0862742522772072
-0.857	0.08711682414537449
-0.8560000000000001	0.08796113385066799
-0.855	0.08880716315808533
-0.8540000000000001	0.08965489398779018
-0.853	0.09050430841265798
-0.8520000000000001	0.09135538865587485
-0.851	0.09220811708859547
-0.8500000000000001	0.09306247622765104
-0.849	0.09391844873331218
-0.8480000000000001	0.09477601740709922
-0.847	0.09563516518964492
-0.8460000000000001	0.0964958751586007
-0.845	0.09735813052659321
-0.8440000000000001	0.09822191463922171
-0.843	0.09908721097310288
-0.8420000000000001	0.09995400313395414
-0.841	0.10082227485472188
-0.8400000000000001	0.10169200999374606
-0.839	0.1025631925329672
-0.8380000000000001	0.10343580657616779
-0.837	0.1043098363472539
-0.8360000000000001	0.10518526618856934
-0.835	0.10606208055924736
-0.8340000000000001	0.1069402640335941
-0.833	0.10781980129950715
-0.8320000000000001	0.10870067715692346
-0.831	0.10958287651630212
-0.8300000000000001	0.1104663843971337
-0.829	0.11135118592648274
-0.8280000000000001	0.11223726633755625
-0.827	0.11312461096830308
-0.8260000000000001	0.11401320526003772
-0.825	0.11490303475609417
-0.8240000000000001	0.11579408510050239
-0.823	0.11668634203669363
-0.8220000000000001	0.11757979140622729
-0.821	0.11847441914754471
-0.8200000000000001	0.11937021129474412
-0.8190000000000001	0.12026715397638116
-0.8180000000000001	0.12116523341428898
-0.8170000000000001	0.12206443592242251
-0.8160000000000001	0.12296474790572301
-0.8150000000000001	0.12386615585900358
-0.8140000000000001	0.12476864636585523
-0.8130000000000001	0.12567220609757254
-0.812	0.12657682181209917
-0.811	0.12748248035299142
-0.81	0.12838916864840166
-0.809	0.1292968737100783
-0.808	0.13020558263238455
-0.807	0.13111528259133393
-0.806	0.1320259608436426
-0.805	0.13293760472579852
-0.804	0.13385020165314612
-0.803	0.13476373911898745
-0.802	0.1356782046936979
-0.801	0.13659358602385768
-0.8	0.1375098708313975
-0.799	0.13842704691275895
-0.798	0.1393451021380687
-0.797	0.14026402445032657
-0.796	0.14118380186460722
-0.795	0.1421044224672749
-0.794	0.14302587441521072
-0.793	0.14394814593505328
-0.792	0.144871225322451
-0.791	0.14579510094132664
-0.79	0.1467197612231541
-0.789	0.1476451946662464
-0.788	0.14857138983505486
-0.787	0.14949833535947976
-0.786	0.15042601993419175
-0.785	0.1513544323179638
-0.784	0.1522835613330138
-0.783	0.15321339586435712
-0.782	0.1541439248591692
-0.781	0.1550751373261584
-0.78	0.15600702233494804
-0.779	0.15693956901546757
-0.778	0.15787276655735388
-0.777	0.15880660420936088
-0.776	0.15974107127877832
-0.775	0.16067615713085906
-0.774	0.16161185118825536
-0.773	0.16254814293046277
-0.772	0.1634850218932729
-0.771	0.16442247766823423
-0.77	0.16536049990212
-0.769	0.16629907829640483
-0.768	0.16723820260674868
-0.767	0.16817786264248744
-0.766	0.16911804826613228
-0.765	0.1700587493928748
-0.764	0.17099995599010012
-0.763	0.1719416580769064
-0.762	0.17288384572363147
-0.761	0.17382650905138594
-0.76	0.17476963823159247
-0.759	0.17571322348553242
-0.758	0.17665725508389807
-0.757	0.17760172334635058
-0.756	0.17854661864108554
-0.755	0.17949193138440303
-0.754	0.18043765204028397
-0.753	0.18138377111997264
-0.752	0.1823302791815643
-0.751	0.1832771668295988
-0.75	0.1842244247146592
-0.749	0.1851720435329761
-0.748	0.18612001402603712
-0.747	0.18706832698020157
-0.746	0.18801697322632002
-0.745	0.18896594363935926
-0.744	0.18991522913803172
-0.743	0.19086482068443011
-0.742	0.19181470928366656
-0.741	0.1927648859835162
-0.74	0.19371534187406642
-0.739	0.1946660680873687
-0.738	0.1956170557970969
-0.737	0.1965682962182088
-0.736	0.1975197806066118
-0.735	0.19847150025883353
-0.734	0.19942344651169608
-0.733	0.20037561074199461
-0.732	0.20132798436617974
-0.731	0.2022805588400438
-0.73	0.20323332565841154
-0.729	0.20418627635483383
-0.728	0.20513940250128584
-0.727	0.20609269570786876
-0.726	0.2070461476225143
-0.725	0.20799974993069437
-0.724	0.2089534943551329
-0.7230000000000001	0.2099073726555215
-0.7220000000000001	0.21086137662823934
-0.7210000000000001	0.21181549810607483
-0.7200000000000001	0.21276972895795207
-0.7190000000000001	0.21372406108865974
-0.7180000000000001	0.21467848643858353
-0.7170000000000001	0.21563299698344152
-0.7160000000000001	0.21658758473402293
-0.7150000000000001	0.21754224173592931
-0.7140000000000001	0.21849696006931987
-0.7130000000000001	0.21945173184865863
-0.7120000000000001	0.22040654922246483
-0.7110000000000001	0.22136140437306676
-0.7100000000000001	0.22231628951635793
-0.7090000000000001	0.22327119690155575
-0.7080000000000001	0.2242261188109638
-0.7070000000000001	0.22518104755973598
-0.7060000000000001	0.22613597549564352
-0.7050000000000001	0.22709089499884538
-0.7040000000000001	0.22804579848166004
-0.7030000000000001	0.2290006783883407
-0.7020000000000001	0.2299555271948528
-0.7010000000000001	0.23091033740865344
-0.7000000000000001	0.23186510156847445
-0.6990000000000001	0.2328198122441067
-0.6980000000000001	0.2337744620361872
-0.6970000000000001	0.23472904357598884
-0.6960000000000001	0.23568354952521214
-0.6950000000000001	0.2366379725757788
-0.6940000000000001	0.23759230544962867
-0.6930000000000001	0.23854654089851768
-0.6920000000000001	0.23950067170381922
-0.6910000000000001	0.24045469067632583
-0.6900000000000001	0.24140859065605516
-0.6890000000000001	0.24236236451205645
-0.6880000000000001	0.2433160051422197
-0.687	0.24426950547308685
-0.686	0.2452228584596646
-0.685	0.24617605708523974
-0.684	0.2471290943611959
-0.683	0.24808196332683277
-0.682	0.2490346570491868
-0.681	0.24998716862285342
-0.68	0.2509394911698122
-0.679	0.251891617839253
-0.678	0.2528435418074036
-0.677	0.25379525627736016
-0.676	0.25474675447891865
-0.675	0.25569802966840816
-0.674	0.2566490751285258
-0.673	0.2575998841681737
-0.672	0.25855045012229727
-0.671	0.2595007663517246
-0.67	0.2604508262430092
-0.669	0.26140062320827223
-0.668	0.2623501506850476
-0.667	0.26329940213612824
-0.666	0.2642483710494139
-0.665	0.2651970509377604
-0.664	0.2661454353388307
-0.663	0.2670935178149468
-0.662	0.2680412919529435
-0.661	0.26898875136402406
-0.66	0.26993588968361626
-0.659	0.27088270057123015
-0.658	0.2718291777103181
-0.657	0.2727753148081351
-0.656	0.27372110559560053
-0.655	0.274666543827162
-0.654	0.27561162328065963
-0.653	0.27655633775719224
-0.652	0.2775006810809845
-0.651	0.2784446470992555
-0.65	0.2793882296820881
-0.649	0.28033142272230044
-0.648	0.2812742201353177
-0.647	0.28221661585904584
-0.646	0.28315860385374547
-0.645	0.28410017810190846
-0.644	0.2850413326081344
-0.643	0.2859820613990083
-0.642	0.28692235852298004
-0.641	0.2878622180502449
-0.64	0.2888016340726246
-0.639	0.2897406007034494
-0.638	0.2906791120774425
-0.637	0.29161716235060375
-0.636	0.29255474570009604
-0.635	0.29349185632413105
-0.634	0.2944284884418578
-0.633	0.29536463629325105
-0.632	0.2963002941390009
-0.631	0.29723545626040326
-0.63	0.2981701169592522
-0.629	0.29910427055773187
-0.628	0.3000379113983105
-0.627	0.3009710338436349
-0.626	0.3019036322764256
-0.625	0.3028357010993734
-0.624	0.30376723473503714
-0.623	0.304698227625741
-0.622	0.30562867423347423
-0.621	0.3065585690397909
-0.62	0.30748790654571073
-0.619	0.308416681271621
-0.618	0.30934488775717833
-0.617	0.31027252056121307
-0.616	0.3111995742616331
-0.615	0.31212604345532846
-0.614	0.31305192275807786
-0.613	0.3139772068044549
-0.612	0.31490189024773557
-0.611	0.3158259677598067
-0.61	0.3167494340310747
-0.609	0.31767228377037543
-0.608	0.31859451170488484
-0.607	0.3195161125800301
-0.606	0.32043708115940167
-0.605	0.32135741222466624
-0.604	0.32227710057548
-0.603	0.3231961410294029
-0.602	0.32411452842181365
-0.601	0.3250322576058253
-0.6	0.3259493234522017
-0.599	0.3268657208492742
-0.598	0.3277814447028595
-0.597	0.3286964899361786
-0.5960000000000001	0.32961085148977454
-0.5950000000000001	0.33052452432143353
-0.5940000000000001	0.3314375034061041
-0.5930000000000001	0.33234978373581925
-0.5920000000000001	0.3332613603196169
-0.5910000000000001	0.334172228183463
-0.5900000000000001	0.33508238237017424
-0.5890000000000001	0.33599181793934135
-0.5880000000000001	0.33690052996725345
-0.5870000000000001	0.33780851354682256
-0.5860000000000001	0.33871576378750967
-0.5850000000000001	0.33962227581524923
-0.5840000000000001	0.34052804477237747
-0.5830000000000001	0.3414330658175575
-0.5820000000000001	0.3423373341257092
-0.5810000000000001	0.3432408448879355
-0.5800000000000001	0.34414359331145244
-0.5790000000000001	0.3450455746195179
-0.5780000000000001	0.3459467840513621
-0.5770000000000001	0.3468472168621173
-0.5760000000000001	0.34774686832274937
-0.5750000000000001	0.34864573371998947
-0.5740000000000001	0.34954380835626553
-0.5730000000000001	0.35044108754963554
-0.5720000000000001	0.35133756663372
-0.5710000000000001	0.35223324095763625
-0.5700000000000001	0.3531281058859319
-0.5690000000000001	0.3540221567985203
-0.5680000000000001	0.3549153890906149
-0.5670000000000001	0.3558077981726652
-0.5660000000000001	0.3566993794702936
-0.5650000000000001	0.35759012842423077
-0.5640000000000001	0.35848004049025356
-0.5630000000000001	0.35936911113912245
-0.562	0.36025733585651964
-0.561	0.3611447101429873
-0.56	0.36203122951386685
-0.559	0.36291688949923856
-0.558	0.3638016856438607
-0.557	0.36468561350711093
-0.556	0.36556866866292603
-0.555	0.36645084669974415
-0.554	0.36733214322044544
-0.553	0.3682125538422953
-0.552	0.3690920741968856
-0.551	0.3699706999300789
-0.55	0.370848426701951
-0.549	0.37172525018673486
-0.548	0.372601166072765
-0.547	0.3734761700624223
-0.546	0.37435025787207826
-0.545	0.37522342523204094
-0.544	0.3760956678865011
-0.543	0.3769669815934775
-0.542	0.37783736212476426
-0.541	0.3787068052658775
-0.54	0.3795753068160027
-0.539	0.3804428625879428
-0.538	0.38130946840806546
-0.537	0.38217512011625243
-0.536	0.38303981356584815
-0.535	0.3839035446236087
-0.534	0.3847663091696515
-0.533	0.3856281030974053
-0.532	0.38648892231356063
-0.531	0.38734876273802027
-0.53	0.38820762030385003
-0.529	0.3890654909572304
-0.528	0.3899223706574082
-0.527	0.39077825537664856
-0.526	0.39163314110018704
-0.525	0.3924870238261827
-0.524	0.3933398995656709
-0.523	0.3941917643425166
-0.522	0.3950426141933683
-0.521	0.39589244516761146
-0.52	0.39674125332732374
-0.519	0.3975890347472285
-0.518	0.3984357855146507
-0.517	0.39928150172947163
-0.516	0.40012617950408463
-0.515	0.4009698149633508
-0.514	0.4018124042445556
-0.513	0.4026539434973647
-0.512	0.40349442888378106
-0.511	0.4043338565781021
-0.51	0.40517222276687664
-0.509	0.4060095236488632
-0.508	0.4068457554349873
-0.507	0.40768091434829995
-0.506	0.4085149966239362
-0.505	0.4093479985090733
-0.504	0.4101799162628909
-0.503	0.4110107461565294
-0.502	0.4118404844730499
-0.501	0.412669127507394
-0.5	0.41349667156634407
-0.499	0.41432311296848334
-0.498	0.4151484480441572
-0.497	0.415972673135433
-0.496	0.41679578459606265
-0.495	0.41761777879144274
-0.494	0.4184386520985772
-0.493	0.41925840090603894
-0.492	0.42007702161393157
-0.491	0.4208945106338527
-0.49	0.42171086438885586
-0.489	0.42252607931341396
-0.488	0.42334015185338236
-0.487	0.4241530784659621
-0.486	0.42496485561966374
-0.485	0.42577547979427094
-0.484	0.4265849474808053
-0.483	0.42739325518148996
-0.482	0.42820039940971466
-0.481	0.42900637669000025
-0.48	0.4298111835579641
-0.479	0.430614816560285
-0.478	0.4314172722546689
-0.477	0.4322185472098149
-0.476	0.4330186380053802
-0.475	0.43381754123194755
-0.474	0.43461525349099056
-0.473	0.43541177139484116
-0.472	0.4362070915666556
-0.471	0.4370012106403821
-0.47	0.43779412526072764
-0.469	0.4385858320831258
-0.46799999999999997	0.4393763277737039
-0.4670000000000001	0.44016560900925134
-0.4660000000000001	0.44095367247718736
-0.4650000000000001	0.4417405148755297
-0.4640000000000001	0.4425261329128619
-0.4630000000000001	0.44331052330830356
-0.4620000000000001	0.44409368279147793
-0.4610000000000001	0.4448756081024818
-0.4600000000000001	0.4456562959918539
-0.4590000000000001	0.44643574322054497
-0.4580000000000001	0.4472139465598875
-0.4570000000000001	0.4479909027915648
-0.45600000000000007	0.44876660870758134
-0.45500000000000007	0.4495410611102336
-0.45400000000000007	0.45031425681207926
-0.45300000000000007	0.45108619263590854
-0.45200000000000007	0.45185686541471504
-0.45100000000000007	0.4526262719916659
-0.45000000000000007	0.4533944092200734
-0.44900000000000007	0.4541612739633666
-0.44800000000000006	0.45492686309506203
-0.44700000000000006	0.4556911734987355
-0.44600000000000006	0.4564542020679947
-0.44500000000000006	0.45721594570644986
-0.44400000000000006	0.4579764013276869
-0.44300000000000006	0.4587355658552394
-0.44200000000000006	0.4594934362225611
-0.44100000000000006	0.4602500093729986
-0.44000000000000006	0.46100528225976384
-0.43900000000000006	0.4617592518459077
-0.43800000000000006	0.4625119151042929
-0.43700000000000006	0.463263269017567
-0.43600000000000005	0.4640133105781361
-0.43500000000000005	0.4647620367881389
-0.43400000000000005	0.4655094446594195
-0.43300000000000005	0.46625553121350255
-0.43200000000000005	0.4670002934815662
-0.43100000000000005	0.46774372850441726
-0.43000000000000005	0.46848583333246535
-0.42900000000000005	0.4692266050256972
-0.42800000000000005	0.4699660406536515
-0.42700000000000005	0.4707041372953942
-0.42600000000000005	0.4714408920394931
-0.42500000000000004	0.47217630198399285
-0.42400000000000004	0.47291036423639105
-0.42300000000000004	0.47364307591361277
-0.42200000000000004	0.47437443414198693
-0.42100000000000004	0.4751044360572219
-0.42000000000000004	0.4758330788043808
-0.41900000000000004	0.4765603595378585
-0.41800000000000004	0.47728627542135754
-0.41700000000000004	0.4780108236278634
-0.41600000000000004	0.4787340013396229
-0.41500000000000004	0.47945580574811925
-0.41400000000000003	0.48017623405404947
-0.41300000000000003	0.48089528346730104
-0.41200000000000003	0.48161295120692904
-0.41100000000000003	0.48232923450113374
-0.41000000000000003	0.4830441305872369
-0.40900000000000003	0.48375763671166033
-0.40800000000000003	0.4844697501299024
-0.40700000000000003	0.48518046810651666
-0.406	0.48588978791508913
-0.405	0.48659770683821607
-0.404	0.48730422216748304
-0.403	0.48800933120344187
-0.402	0.4887130312555899
-0.401	0.4894153196423482
-0.4	0.4901161936910396
-0.399	0.4908156507378686
-0.398	0.49151368812789925
-0.397	0.49221030321503406
-0.396	0.4929054933619939
-0.395	0.4935992559402967
-0.394	0.4942915883302366
-0.393	0.4949824879208635
-0.392	0.4956719521099633
-0.391	0.4963599783040364
-0.39	0.49704656391827856
-0.389	0.49773170637656017
-0.388	0.4984154031114067
-0.387	0.4990976515639785
-0.386	0.49977844918405145
-0.385	0.5004577934299969
-0.384	0.5011356817687624
-0.383	0.5018121116758527
-0.382	0.5024870806353096
-0.381	0.5031605861396933
-0.38	0.5038326256900635
-0.379	0.5045031967959599
-0.378	0.5051722969753842
-0.377	0.5058399237547807
-0.376	0.5065060746690172
-0.375	0.5071707472613679
-0.374	0.5078339390834936
-0.373	0.5084956476954244
-0.372	0.509155870665541
-0.371	0.5098146055705564
-0.37	0.5104718499954982
-0.369	0.5111276015336909
-0.368	0.5117818577867375
-0.367	0.5124346163645027
-0.366	0.5130858748850943
-0.365	0.5137356309748464
-0.364	0.5143838822683017
-0.363	0.5150306264081942
-0.362	0.5156758610454324
-0.361	0.5163195838390816
-0.36	0.5169617924563473
-0.359	0.5176024845725582
-0.358	0.5182416578711492
-0.357	0.5188793100436452
-0.356	0.5195154387896438
-0.355	0.520150041816799
-0.354	0.5207831168408055
-0.353	0.521414661585381
-0.352	0.522044673782251
-0.351	0.5226731511711324
-0.35	0.5233000914997173
-0.349	0.5239254925236568
-0.348	0.5245493520065456
-0.347	0.5251716677199062
-0.346	0.5257924374431726
-0.345	0.5264116589636753
-0.344	0.5270293300766252
-0.34299999999999997	0.5276454485850991
-0.34199999999999997	0.5282600123000232
-0.34099999999999997	0.5288730190401585
-0.3400000000000001	0.5294844666320855
-0.3390000000000001	0.5300943529101891
-0.3380000000000001	0.5307026757166436
-0.3370000000000001	0.5313094329013975
-0.3360000000000001	0.5319146223221591
-0.3350000000000001	0.5325182418443816
-0.3340000000000001	0.5331202893412479
-0.3330000000000001	0.5337207626936568
-0.3320000000000001	0.5343196597902079
-0.33100000000000007	0.5349169785271879
-0.33000000000000007	0.5355127168085552
-0.32900000000000007	0.536106872545926
-0.32800000000000007	0.5366994436585609
-0.32700000000000007	0.5372904280733497
-0.32600000000000007	0.537879823724798
-0.32500000000000007	0.538467628555013
-0.32400000000000007	0.5390538405136895
-0.32300000000000006	0.5396384575580968
-0.32200000000000006	0.5402214776530639
-0.32100000000000006	0.5408028987709665
-0.32000000000000006	0.5413827188917137
-0.31900000000000006	0.541960936002734
-0.31800000000000006	0.5425375480989616
-0.31700000000000006	0.5431125531828241
-0.31600000000000006	0.5436859492642284
-0.31500000000000006	0.5442577343605476
-0.31400000000000006	0.5448279064966082
-0.31300000000000006	0.5453964637046766
-0.31200000000000006	0.5459634040244468
-0.31100000000000005	0.5465287255030267
-0.31000000000000005	0.5470924261949258
-0.30900000000000005	0.5476545041620425
-0.30800000000000005	0.548214957473651
-0.30700000000000005	0.5487737842063889
-0.30600000000000005	0.5493309824442447
-0.30500000000000005	0.5498865502785456
-0.30400000000000005	0.5504404858079442
-0.30300000000000005	0.5509927871384074
-0.30200000000000005	0.5515434523832028
-0.30100000000000005	0.552092479662888
-0.30000000000000004	0.5526398671052971
-0.29899999999999993	0.5531856128455296
-0.29800000000000004	0.5537297150259376
-0.29699999999999993	0.5542721717961147
-0.29600000000000004	0.5548129813128835
-0.29499999999999993	0.5553521417402844
-0.29400000000000004	0.555889651249563
-0.2929999999999999	0.5564255080191599
-0.29200000000000004	0.5569597102346971
-0.2909999999999999	0.5574922560889685
-0.29000000000000004	0.5580231437819269
-0.2889999999999999	0.5585523715206736
-0.28800000000000003	0.5590799375194464
-0.2869999999999999	0.559605839999609
-0.28600000000000003	0.5601300771896389
-0.2849999999999999	0.5606526473251174
-0.28400000000000003	0.5611735486487175
-0.2829999999999999	0.5616927794101935
-0.28200000000000003	0.5622103378663694
-0.2809999999999999	0.5627262222811291
-0.28	0.5632404309254044
-0.2789999999999999	0.5637529620771653
-0.278	0.5642638140214081
-0.2769999999999999	0.564772985050146
-0.276	0.5652804734623972
-0.27500000000000013	0.565786277564176
-0.274	0.566290395668481
-0.27300000000000013	0.5667928260952849
-0.272	0.5672935671715248
-0.27100000000000013	0.5677926172310913
-0.27	0.5682899746148186
-0.26900000000000013	0.5687856376704737
-0.268	0.5692796047527477
-0.2670000000000001	0.5697718742232442
-0.266	0.57026244445047
-0.2650000000000001	0.5707513138098252
-0.264	0.5712384806835937
-0.2630000000000001	0.5717239434609319
-0.262	0.5722077005378609
-0.2610000000000001	0.5726897503172551
-0.26	0.5731700912088341
-0.2590000000000001	0.5736487216291513
-0.258	0.5741256400015863
-0.2570000000000001	0.5746008447563334
-0.256	0.5750743343303943
-0.2550000000000001	0.575546107167567
-0.254	0.5760161617184373
-0.2530000000000001	0.5764844964403689
-0.252	0.5769511097974955
-0.2510000000000001	0.5774160002607097
-0.25	0.5778791663076561
-0.2490000000000001	0.5783406064227199
-0.248	0.5788003190970203
-0.2470000000000001	0.5792583028283991
-0.246	0.5797145561214142
-0.2450000000000001	0.5801690774873288
-0.244	0.5806218654441034
-0.2430000000000001	0.5810729185163878
-0.242	0.5815222352355108
-0.2410000000000001	0.581969814139473
-0.24	0.5824156537729375
-0.2390000000000001	0.582859752687221
-0.238	0.5833021094402868
-0.2370000000000001	0.5837427225967347
-0.236	0.5841815907277932
-0.2350000000000001	0.5846187124113114
-0.23399999999999999	0.5850540862317509
-0.2330000000000001	0.585487710780177
-0.23199999999999998	0.5859195846542504
-0.2310000000000001	0.58634970645822
-0.22999999999999998	0.5867780748029137
-0.2290000000000001	0.5872046883057308
-0.22799999999999998	0.587629545590635
-0.2270000000000001	0.5880526452881443
-0.22599999999999998	0.5884739860353251
-0.2250000000000001	0.5888935664757833
-0.22399999999999998	0.5893113852596569
-0.2230000000000001	0.589727441043608
-0.22199999999999998	0.5901417324908154
-0.22100000000000009	0.5905542582709664
-0.21999999999999997	0.59096501706025
-0.21900000000000008	0.5913740075413485
-0.21799999999999997	0.5917812284034305
-0.21700000000000008	0.5921866783421433
-0.21599999999999997	0.5925903560596054
-0.21500000000000008	0.5929922602643992
-0.21399999999999997	0.5933923896715638
-0.21300000000000008	0.5937907430025869
-0.21199999999999997	0.5941873189853989
-0.21100000000000008	0.5945821163543646
-0.20999999999999996	0.5949751338502769
-0.20900000000000007	0.5953663702203484
-0.20799999999999996	0.595755824218206
-0.20700000000000007	0.5961434946038825
-0.20599999999999996	0.5965293801438103
-0.20500000000000007	0.5969134796108144
-0.20399999999999996	0.5972957917841054
-0.20300000000000007	0.5976763154492724
-0.20199999999999996	0.598055049398277
-0.20100000000000007	0.5984319924294456
-0.19999999999999996	0.5988071433474632
-0.19900000000000007	0.5991805009633668
-0.19799999999999995	0.5995520640945384
-0.19700000000000006	0.5999218315646988
-0.19599999999999995	0.6002898022039004
-0.19500000000000006	0.6006559748485216
-0.19399999999999995	0.60102034834126
-0.19300000000000006	0.6013829215311255
-0.19199999999999995	0.6017436932734345
-0.19100000000000006	0.6021026624298033
-0.18999999999999995	0.6024598278681418
-0.18900000000000006	0.6028151884626477
-0.18799999999999994	0.6031687430937995
-0.18700000000000006	0.6035204906483507
-0.18599999999999994	0.6038704300193242
-0.18500000000000005	0.6042185601060048
-0.18399999999999994	0.6045648798139355
-0.18300000000000005	0.6049093880549087
-0.18199999999999994	0.6052520837469623
-0.18100000000000005	0.6055929658143725
-0.17999999999999994	0.6059320331876495
-0.17900000000000005	0.6062692848035298
-0.17799999999999994	0.6066047196049713
-0.17700000000000005	0.6069383365411477
-0.17599999999999993	0.6072701345674426
-0.17500000000000004	0.6076001126454436
-0.17399999999999993	0.6079282697429367
-0.17300000000000004	0.6082546048339009
-0.17199999999999993	0.6085791168985027
-0.17100000000000004	0.6089018049230901
-0.16999999999999993	0.6092226679001874
-0.16900000000000004	0.6095417048284901
-0.16799999999999993	0.6098589147128588
-0.16700000000000004	0.6101742965643143
-0.16599999999999993	0.610487849400032
-0.16500000000000004	0.6107995722433367
-0.16399999999999992	0.6111094641236976
-0.16300000000000003	0.6114175240767223
-0.16199999999999992	0.611723751144153
-0.16100000000000003	0.6120281443738594
-0.15999999999999992	0.6123307028198356
-0.15900000000000003	0.6126314255421934
-0.15799999999999992	0.6129303116071585
-0.15700000000000003	0.6132273600870646
-0.15599999999999992	0.613522570060349
-0.15500000000000003	0.6138159406115477
-0.15399999999999991	0.6141074708312894
-0.15300000000000002	0.6143971598162924
-0.1519999999999999	0.6146850066693587
-0.15100000000000002	0.6149710104993692
-0.1499999999999999	0.6152551704212794
-0.14900000000000002	0.6155374855561142
-0.1479999999999999	0.6158179550309639
-0.14700000000000002	0.6160965779789789
-0.14600000000000013	0.6163733535393655
-0.14500000000000002	0.6166482808573811
-0.14400000000000013	0.6169213590843297
-0.14300000000000002	0.6171925873775578
-0.14200000000000013	0.6174619649004494
-0.14100000000000001	0.6177294908224218
-0.14000000000000012	0.6179951643189213
-0.139	0.6182589845714187
-0.13800000000000012	0.6185209507674051
-0.137	0.6187810621003876
-0.13600000000000012	0.6190393177698849
-0.135	0.6192957169814234
-0.13400000000000012	0.6195502589465327
-0.133	0.6198029428827416
-0.13200000000000012	0.6200537680135741
-0.131	0.6203027335685453
-0.13000000000000012	0.6205498387831566
-0.129	0.6207950828988934
-0.1280000000000001	0.6210384651632195
-0.127	0.6212799848295738
-0.1260000000000001	0.6215196411573664
-0.125	0.6217574334119748
-0.12400000000000011	0.6219933608647398
-0.123	0.6222274227929622
-0.12200000000000011	0.622459618479898
-0.121	0.6226899472147562
-0.1200000000000001	0.6229184082926937
-0.119	0.6231450010148126
-0.1180000000000001	0.6233697246881557
-0.11699999999999999	0.6235925786257036
-0.1160000000000001	0.6238135621463707
-0.11499999999999999	0.6240326745750027
-0.1140000000000001	0.6242499152423707
-0.11299999999999999	0.6244652834851709
-0.1120000000000001	0.6246787786460186
-0.11099999999999999	0.6248904000734459
-0.1100000000000001	0.6251001471218983
-0.10899999999999999	0.6253080191517313
-0.1080000000000001	0.625514015529207
-0.10699999999999998	0.6257181356264908
-0.1060000000000001	0.6259203788216482
-0.10499999999999998	0.6261207444986419
-0.10400000000000009	0.6263192320473275
-0.10299999999999998	0.6265158408634528
-0.10200000000000009	0.6267105703486513
-0.10099999999999998	0.6269034199104422
-0.10000000000000009	0.6270943889622254
-0.09899999999999998	0.6272834769232795
-0.09800000000000009	0.627470683218758
-0.09699999999999998	0.6276560072796876
-0.09600000000000009	0.6278394485429637
-0.09499999999999997	0.6280210064513488
-0.09400000000000008	0.6282006804534689
-0.09299999999999997	0.628378470003811
-0.09200000000000008	0.6285543745627203
-0.09099999999999997	0.6287283935963975
-0.09000000000000008	0.6289005265768955
-0.08899999999999997	0.6290707729821177
-0.08800000000000008	0.6292391322958141
-0.08699999999999997	0.6294056040075797
-0.08600000000000008	0.6295701876128521
-0.08499999999999996	0.6297328826129072
-0.08400000000000007	0.6298936885148586
-0.08299999999999996	0.6300526048316543
-0.08200000000000007	0.6302096310820736
-0.08099999999999996	0.6303647667907261
-0.08000000000000007	0.6305180114880479
-0.07899999999999996	0.6306693647102997
-0.07800000000000007	0.6308188259995647
-0.07699999999999996	0.6309663949037462
-0.07600000000000007	0.6311120709765647
-0.07499999999999996	0.6312558537775568
-0.07400000000000007	0.6313977428720714
-0.07299999999999995	0.6315377378312692
-0.07200000000000006	0.6316758382321191
-0.07099999999999995	0.631812043657397
-0.07000000000000006	0.6319463536956827
-0.06899999999999995	0.6320787679413593
-0.06800000000000006	0.6322092859946098
-0.06699999999999995	0.6323379074614154
-0.06600000000000006	0.632464631953554
-0.06499999999999995	0.6325894590885976
-0.06400000000000006	0.6327123884899112
-0.06299999999999994	0.6328334197866494
-0.062000000000000055	0.6329525526137564
-0.06099999999999994	0.6330697866119627
-0.06000000000000005	0.633185121427784
-0.05899999999999994	0.6332985567135194
-0.05800000000000005	0.633410092127249
-0.05699999999999994	0.6335197273328333
-0.05600000000000005	0.63362746199991
-0.05499999999999994	0.6337332958038941
-0.05400000000000005	0.6338372284259748
-0.052999999999999936	0.6339392595531146
-0.052000000000000046	0.6340393888780473
-0.050999999999999934	0.6341376160992774
-0.050000000000000044	0.634233940921077
-0.04899999999999993	0.6343283630534859
-0.04800000000000004	0.6344208822123094
-0.04699999999999993	0.6345114981191162
-0.04600000000000004	0.6346002105012387
-0.04499999999999993	0.6346870190917702
-0.04400000000000004	0.6347719236295636
-0.04299999999999993	0.6348549238592314
-0.04200000000000004	0.6349360195311426
-0.040999999999999925	0.6350152104014231
-0.040000000000000036	0.6350924962319531
-0.038999999999999924	0.6351678767903671
-0.038000000000000034	0.6352413518500516
-0.03699999999999992	0.6353129211901449
-0.03600000000000003	0.6353825845955356
-0.03499999999999992	0.6354503418568616
-0.03400000000000003	0.6355161927705085
-0.03299999999999992	0.6355801371386097
-0.03200000000000003	0.6356421747690444
-0.030999999999999917	0.6357023054754372
-0.030000000000000027	0.6357605290771567
-0.028999999999999915	0.6358168453993154
-0.028000000000000025	0.6358712542727676
-0.026999999999999913	0.6359237555341098
-0.026000000000000023	0.6359743490256791
-0.02499999999999991	0.6360230345955525
-0.02400000000000002	0.6360698120975468
-0.02299999999999991	0.6361146813912167
-0.02200000000000002	0.636157642341855
-0.020999999999999908	0.636198694820492
-0.020000000000000018	0.636237838703894
-0.019000000000000128	0.6362750738745635
-0.018000000000000016	0.6363104002207381
-0.017000000000000126	0.6363438176363906
-0.016000000000000014	0.6363753260212273
-0.015000000000000124	0.636404925280689
-0.014000000000000012	0.6364326153259494
-0.013000000000000123	0.6364583960739149
-0.01200000000000001	0.6364822674472241
-0.01100000000000012	0.6365042293742484
-0.010000000000000009	0.6365242817890902
-0.009000000000000119	0.6365424246315833
-0.008000000000000007	0.6365586578472925
-0.007000000000000117	0.6365729813875136
-0.006000000000000005	0.6365853952092726
-0.0050000000000001155	0.6365958992753259
-0.0040000000000000036	0.6366044935541602
-0.0030000000000001137	0.6366111780199917
-0.0020000000000000018	0.6366159526527669
-0.001000000000000112	0.6366188174381616
0.	0.6366197723675814
0.0009999999999998899	0.6366188174381616
0.0020000000000000018	0.6366159526527669
0.0029999999999998916	0.6366111780199917
0.0040000000000000036	0.6366044935541602
0.004999999999999893	0.6365958992753259
0.006000000000000005	0.6365853952092726
0.006999999999999895	0.6365729813875136
0.008000000000000007	0.6365586578472925
0.008999999999999897	0.6365424246315833
0.010000000000000009	0.6365242817890902
0.010999999999999899	0.6365042293742484
0.01200000000000001	0.6364822674472241
0.0129999999999999	0.6364583960739149
0.014000000000000012	0.6364326153259494
0.014999999999999902	0.636404925280689
0.016000000000000014	0.6363753260212273
0.016999999999999904	0.6363438176363906
0.018000000000000016	0.6363104002207381
0.018999999999999906	0.6362750738745636
0.020000000000000018	0.636237838703894
0.020999999999999908	0.636198694820492
0.02200000000000002	0.636157642341855
0.02299999999999991	0.6361146813912167
0.02400000000000002	0.6360698120975468
0.02499999999999991	0.6360230345955525
0.026000000000000023	0.6359743490256791
0.026999999999999913	0.6359237555341098
0.028000000000000025	0.6358712542727676
0.028999999999999915	0.6358168453993154
0.030000000000000027	0.6357605290771567
0.030999999999999917	0.6357023054754372
0.03200000000000003	0.6356421747690444
0.03299999999999992	0.6355801371386097
0.03400000000000003	0.6355161927705085
0.03499999999999992	0.6354503418568616
0.03600000000000003	0.6353825845955356
0.03699999999999992	0.6353129211901449
0.038000000000000034	0.6352413518500516
0.038999999999999924	0.6351678767903671
0.040000000000000036	0.6350924962319531
0.040999999999999925	0.6350152104014231
0.04200000000000004	0.6349360195311426
0.04299999999999993	0.6348549238592314
0.04400000000000004	0.6347719236295636
0.04499999999999993	0.6346870190917702
0.04600000000000004	0.6346002105012387
0.04699999999999993	0.6345114981191162
0.04800000000000004	0.6344208822123094
0.04899999999999993	0.6343283630534859
0.050000000000000044	0.634233940921077
0.050999999999999934	0.6341376160992774
0.052000000000000046	0.6340393888780473
0.052999999999999936	0.6339392595531146
0.05400000000000005	0.6338372284259748
0.05499999999999994	0.6337332958038941
0.05600000000000005	0.63362746199991
0.05699999999999994	0.6335197273328333
0.05800000000000005	0.633410092127249
0.05899999999999994	0.6332985567135194
0.06000000000000005	0.633185121427784
0.06099999999999994	0.6330697866119627
0.062000000000000055	0.6329525526137564
0.06299999999999994	0.6328334197866494
0.06400000000000006	0.6327123884899112
0.06499999999999995	0.6325894590885976
0.06600000000000006	0.632464631953554
0.06699999999999995	0.6323379074614154
0.06800000000000006	0.6322092859946098
0.06899999999999995	0.6320787679413593
0.07000000000000006	0.6319463536956827
0.07099999999999995	0.631812043657397
0.07200000000000006	0.6316758382321191
0.07299999999999995	0.6315377378312692
0.07400000000000007	0.6313977428720714
0.07499999999999996	0.6312558537775568
0.07600000000000007	0.6311120709765647
0.07699999999999996	0.6309663949037462
0.07800000000000007	0.6308188259995647
0.07899999999999996	0.6306693647102997
0.08000000000000007	0.6305180114880479
0.08099999999999996	0.6303647667907261
0.08200000000000007	0.6302096310820736
0.08299999999999996	0.6300526048316543
0.08400000000000007	0.6298936885148586
0.08499999999999996	0.6297328826129072
0.08600000000000008	0.6295701876128521
0.08699999999999997	0.6294056040075797
0.08800000000000008	0.6292391322958141
0.08899999999999997	0.6290707729821177
0.09000000000000008	0.6289005265768955
0.09099999999999997	0.6287283935963975
0.09200000000000008	0.6285543745627203
0.09299999999999997	0.628378470003811
0.09400000000000008	0.6282006804534689
0.09499999999999997	0.6280210064513488
0.09600000000000009	0.6278394485429637
0.09699999999999998	0.6276560072796876
0.09800000000000009	0.627470683218758
0.09899999999999998	0.6272834769232795
0.10000000000000009	0.6270943889622254
0.10099999999999998	0.6269034199104422
0.10200000000000009	0.6267105703486513
0.10299999999999998	0.6265158408634528
0.10400000000000009	0.6263192320473275
0.10499999999999998	0.6261207444986419
0.1060000000000001	0.6259203788216482
0.10699999999999998	0.6257181356264908
0.10799999999999987	0.625514015529207
0.10899999999999999	0.6253080191517313
0.10999999999999988	0.6251001471218983
0.11099999999999999	0.6248904000734459
0.11199999999999988	0.6246787786460186
0.11299999999999999	0.6244652834851709
0.11399999999999988	0.6242499152423707
0.11499999999999999	0.6240326745750027
0.11599999999999988	0.6238135621463707
0.11699999999999999	0.6235925786257036
0.11799999999999988	0.6233697246881558
0.119	0.6231450010148126
0.11999999999999988	0.6229184082926938
0.121	0.6226899472147562
0.12199999999999989	0.622459618479898
0.123	0.6222274227929622
0.12399999999999989	0.6219933608647399
0.125	0.6217574334119748
0.1259999999999999	0.6215196411573664
0.127	0.6212799848295738
0.1279999999999999	0.6210384651632196
0.129	0.6207950828988934
0.1299999999999999	0.6205498387831567
0.131	0.6203027335685453
0.1319999999999999	0.6200537680135741
0.133	0.6198029428827416
0.1339999999999999	0.6195502589465328
0.135	0.6192957169814234
0.1359999999999999	0.6190393177698851
0.137	0.6187810621003876
0.1379999999999999	0.6185209507674052
0.139	0.6182589845714187
0.1399999999999999	0.6179951643189214
0.14100000000000001	0.6177294908224218
0.1419999999999999	0.6174619649004496
0.14300000000000002	0.6171925873775578
0.1439999999999999	0.6169213590843298
0.14500000000000002	0.6166482808573811
0.1459999999999999	0.6163733535393655
0.14700000000000002	0.6160965779789789
0.1479999999999999	0.6158179550309639
0.14900000000000002	0.6155374855561142
0.1499999999999999	0.6152551704212794
0.15100000000000002	0.6149710104993692
0.1519999999999999	0.6146850066693587
0.15300000000000002	0.6143971598162924
0.15399999999999991	0.6141074708312894
0.15500000000000003	0.6138159406115477
0.15599999999999992	0.613522570060349
0.15700000000000003	0.6132273600870646
0.15799999999999992	0.6129303116071585
0.15900000000000003	0.6126314255421934
0.15999999999999992	0.6123307028198356
0.16100000000000003	0.6120281443738594
0.16199999999999992	0.611723751144153
0.16300000000000003	0.6114175240767223
0.16399999999999992	0.6111094641236976
0.16500000000000004	0.6107995722433367
0.16599999999999993	0.610487849400032
0.16700000000000004	0.6101742965643143
0.16799999999999993	0.6098589147128588
0.16900000000000004	0.6095417048284901
0.16999999999999993	0.6092226679001874
0.17100000000000004	0.6089018049230901
0.17199999999999993	0.6085791168985027
0.17300000000000004	0.6082546048339009
0.17399999999999993	0.6079282697429367
0.17500000000000004	0.6076001126454436
0.17599999999999993	0.6072701345674426
0.17700000000000005	0.6069383365411477
0.17799999999999994	0.6066047196049713
0.17900000000000005	0.6062692848035298
0.17999999999999994	0.6059320331876495
0.18100000000000005	0.6055929658143725
0.18199999999999994	0.6052520837469623
0.18300000000000005	0.6049093880549087
0.18399999999999994	0.6045648798139355
0.18500000000000005	0.6042185601060048
0.18599999999999994	0.6038704300193242
0.18700000000000006	0.6035204906483507
0.18799999999999994	0.6031687430937995
0.18900000000000006	0.6028151884626477
0.18999999999999995	0.6024598278681418
0.19100000000000006	0.6021026624298033
0.19199999999999995	0.6017436932734345
0.19300000000000006	0.6013829215311255
0.19399999999999995	0.60102034834126
0.19500000000000006	0.6006559748485216
0.19599999999999995	0.6002898022039004
0.19700000000000006	0.5999218315646988
0.19799999999999995	0.5995520640945384
0.19900000000000007	0.5991805009633668
0.19999999999999996	0.5988071433474632
0.20100000000000007	0.5984319924294456
0.20199999999999996	0.598055049398277
0.20300000000000007	0.5976763154492724
0.20399999999999996	0.5972957917841054
0.20500000000000007	0.5969134796108144
0.20599999999999996	0.5965293801438103
0.20700000000000007	0.5961434946038825
0.20799999999999996	0.595755824218206
0.20900000000000007	0.5953663702203484
0.20999999999999996	0.5949751338502769
0.21100000000000008	0.5945821163543646
0.21199999999999997	0.5941873189853989
0.21300000000000008	0.5937907430025869
0.21399999999999997	0.5933923896715638
0.21500000000000008	0.5929922602643992
0.21599999999999997	0.5925903560596054
0.21700000000000008	0.5921866783421433
0.21799999999999997	0.5917812284034305
0.21900000000000008	0.5913740075413485
0.21999999999999997	0.59096501706025
0.22100000000000009	0.5905542582709664
0.22199999999999998	0.5901417324908154
0.2230000000000001	0.589727441043608
0.22399999999999998	0.5893113852596569
0.2250000000000001	0.5888935664757833
0.22599999999999998	0.5884739860353251
0.2270000000000001	0.5880526452881443
0.22799999999999998	0.587629545590635
0.2290000000000001	0.5872046883057308
0.22999999999999998	0.5867780748029137
0.2310000000000001	0.58634970645822
0.23199999999999998	0.5859195846542504
0.2330000000000001	0.585487710780177
0.23399999999999999	0.5850540862317509
0.2350000000000001	0.5846187124113114
0.236	0.5841815907277932
0.23699999999999988	0.5837427225967348
0.238	0.5833021094402868
0.23899999999999988	0.5828597526872211
0.24	0.5824156537729375
0.24099999999999988	0.5819698141394731
0.242	0.5815222352355108
0.24299999999999988	0.581072918516388
0.244	0.5806218654441034
0.24499999999999988	0.5801690774873288
0.246	0.5797145561214142
0.2469999999999999	0.5792583028283993
0.248	0.5788003190970203
0.2489999999999999	0.5783406064227201
0.25	0.5778791663076561
0.2509999999999999	0.5774160002607099
0.252	0.5769511097974955
0.2529999999999999	0.576484496440369
0.254	0.5760161617184373
0.2549999999999999	0.5755461071675673
0.256	0.5750743343303943
0.2569999999999999	0.5746008447563337
0.258	0.5741256400015863
0.2589999999999999	0.5736487216291515
0.26	0.5731700912088341
0.2609999999999999	0.5726897503172552
0.262	0.5722077005378609
0.2629999999999999	0.571723943460932
0.264	0.5712384806835937
0.2649999999999999	0.5707513138098255
0.266	0.57026244445047
0.2669999999999999	0.5697718742232443
0.268	0.5692796047527477
0.2689999999999999	0.5687856376704739
0.27	0.5682899746148186
0.2709999999999999	0.5677926172310913
0.272	0.5672935671715248
0.2729999999999999	0.566792826095285
0.274	0.566290395668481
0.2749999999999999	0.5657862775641761
0.276	0.5652804734623972
0.2769999999999999	0.564772985050146
0.278	0.5642638140214081
0.2789999999999999	0.5637529620771653
0.28	0.5632404309254044
0.2809999999999999	0.5627262222811291
0.28200000000000003	0.5622103378663694
0.2829999999999999	0.5616927794101935
0.28400000000000003	0.5611735486487175
0.2849999999999999	0.5606526473251174
0.28600000000000003	0.5601300771896389
0.2869999999999999	0.559605839999609
0.28800000000000003	0.5590799375194464
0.2889999999999999	0.5585523715206736
0.29000000000000004	0.5580231437819269
0.2909999999999999	0.5574922560889685
0.29200000000000004	0.5569597102346971
0.2929999999999999	0.5564255080191599
0.29400000000000004	0.555889651249563
0.29499999999999993	0.5553521417402844
0.29600000000000004	0.5548129813128835
0.29699999999999993	0.5542721717961147
0.29800000000000004	0.5537297150259376
0.29899999999999993	0.5531856128455296
0.30000000000000004	0.5526398671052971
0.30099999999999993	0.5520924796628881
0.30200000000000005	0.5515434523832028
0.30299999999999994	0.5509927871384074
0.30400000000000005	0.5504404858079442
0.30499999999999994	0.5498865502785456
0.30600000000000005	0.5493309824442447
0.30699999999999994	0.5487737842063891
0.30800000000000005	0.548214957473651
0.30899999999999994	0.5476545041620426
0.31000000000000005	0.5470924261949258
0.31099999999999994	0.5465287255030268
0.31200000000000006	0.5459634040244468
0.31299999999999994	0.5453964637046766
0.31400000000000006	0.5448279064966082
0.31499999999999995	0.5442577343605476
0.31600000000000006	0.5436859492642284
0.31699999999999995	0.5431125531828243
0.31800000000000006	0.5425375480989616
0.31899999999999995	0.541960936002734
0.32000000000000006	0.5413827188917137
0.32099999999999995	0.5408028987709667
0.32200000000000006	0.5402214776530639
0.32299999999999995	0.5396384575580968
0.32400000000000007	0.5390538405136895
0.32499999999999996	0.5384676285550131
0.32600000000000007	0.537879823724798
0.32699999999999996	0.5372904280733498
0.32800000000000007	0.5366994436585609
0.32899999999999996	0.536106872545926
0.33000000000000007	0.5355127168085552
0.33099999999999996	0.5349169785271879
0.3320000000000001	0.5343196597902079
0.33299999999999996	0.5337207626936568
0.3340000000000001	0.5331202893412479
0.33499999999999996	0.5325182418443816
0.3360000000000001	0.5319146223221591
0.33699999999999997	0.5313094329013975
0.3380000000000001	0.5307026757166436
0.33899999999999997	0.5300943529101892
0.3400000000000001	0.5294844666320855
0.34099999999999997	0.5288730190401585
0.3420000000000001	0.5282600123000231
0.34299999999999997	0.5276454485850991
0.3440000000000001	0.5270293300766252
0.345	0.5264116589636753
0.3460000000000001	0.5257924374431725
0.347	0.5251716677199062
0.3480000000000001	0.5245493520065455
0.349	0.5239254925236568
0.3500000000000001	0.5233000914997172
0.351	0.5226731511711324
0.3520000000000001	0.522044673782251
0.353	0.521414661585381
0.3540000000000001	0.5207831168408054
0.355	0.520150041816799
0.3560000000000001	0.5195154387896436
0.357	0.5188793100436452
0.3580000000000001	0.5182416578711492
0.359	0.5176024845725582
0.3600000000000001	0.5169617924563472
0.361	0.5163195838390816
0.3620000000000001	0.5156758610454324
0.363	0.5150306264081942
0.3640000000000001	0.5143838822683016
0.365	0.5137356309748464
0.3659999999999999	0.5130858748850943
0.367	0.5124346163645027
0.3679999999999999	0.5117818577867377
0.369	0.5111276015336909
0.3699999999999999	0.5104718499954982
0.371	0.5098146055705564
0.3719999999999999	0.5091558706655411
0.373	0.5084956476954244
0.3739999999999999	0.5078339390834937
0.375	0.5071707472613679
0.3759999999999999	0.5065060746690172
0.377	0.5058399237547807
0.3779999999999999	0.5051722969753845
0.379	0.5045031967959599
0.3799999999999999	0.5038326256900636
0.381	0.5031605861396933
0.3819999999999999	0.5024870806353096
0.383	0.5018121116758527
0.3839999999999999	0.5011356817687626
0.385	0.5004577934299969
0.3859999999999999	0.4997784491840516
0.387	0.4990976515639785
0.3879999999999999	0.49841540311140686
0.389	0.49773170637656017
0.3899999999999999	0.49704656391827867
0.391	0.4963599783040364
0.3919999999999999	0.4956719521099634
0.393	0.4949824879208635
0.3939999999999999	0.4942915883302367
0.395	0.4935992559402967
0.3959999999999999	0.492905493361994
0.397	0.49221030321503406
0.3979999999999999	0.49151368812789925
0.399	0.4908156507378686
0.3999999999999999	0.49011619369103976
0.401	0.4894153196423482
0.4019999999999999	0.48871303125558996
0.403	0.48800933120344187
0.4039999999999999	0.48730422216748315
0.405	0.48659770683821607
0.4059999999999999	0.48588978791508913
0.40700000000000003	0.48518046810651666
0.4079999999999999	0.4844697501299025
0.40900000000000003	0.48375763671166033
0.4099999999999999	0.48304413058723705
0.41100000000000003	0.48232923450113374
0.4119999999999999	0.4816129512069292
0.41300000000000003	0.48089528346730104
0.4139999999999999	0.4801762340540496
0.41500000000000004	0.47945580574811925
0.4159999999999999	0.4787340013396231
0.41700000000000004	0.4780108236278634
0.4179999999999999	0.4772862754213576
0.41900000000000004	0.4765603595378585
0.41999999999999993	0.4758330788043809
0.42100000000000004	0.4751044360572219
0.42199999999999993	0.47437443414198704
0.42300000000000004	0.47364307591361277
0.42399999999999993	0.47291036423639105
0.42500000000000004	0.47217630198399285
0.42599999999999993	0.4714408920394931
0.42700000000000005	0.4707041372953942
0.42799999999999994	0.4699660406536515
0.42900000000000005	0.4692266050256972
0.42999999999999994	0.4684858333324654
0.43100000000000005	0.46774372850441726
0.43199999999999994	0.46700029348156635
0.43300000000000005	0.46625553121350255
0.43399999999999994	0.4655094446594196
0.43500000000000005	0.4647620367881389
0.43599999999999994	0.4640133105781363
0.43700000000000006	0.463263269017567
0.43799999999999994	0.462511915104293
0.43900000000000006	0.4617592518459077
0.43999999999999995	0.46100528225976384
0.44100000000000006	0.4602500093729986
0.44199999999999995	0.45949343622256117
0.44300000000000006	0.4587355658552394
0.44399999999999995	0.4579764013276871
0.44500000000000006	0.45721594570644986
0.44599999999999995	0.45645420206799475
0.44700000000000006	0.4556911734987355
0.44799999999999995	0.45492686309506203
0.44900000000000007	0.4541612739633666
0.44999999999999996	0.4533944092200736
0.45100000000000007	0.4526262719916659
0.45199999999999996	0.4518568654147152
0.45300000000000007	0.45108619263590854
0.45399999999999996	0.45031425681207937
0.45500000000000007	0.4495410611102336
0.45599999999999996	0.4487666087075815
0.4570000000000001	0.4479909027915648
0.45799999999999996	0.4472139465598876
0.4590000000000001	0.44643574322054497
0.45999999999999996	0.4456562959918539
0.4610000000000001	0.4448756081024818
0.46199999999999997	0.44409368279147804
0.4630000000000001	0.44331052330830356
0.46399999999999997	0.442526132912862
0.4650000000000001	0.4417405148755297
0.46599999999999997	0.4409536724771876
0.4670000000000001	0.44016560900925134
0.46799999999999997	0.4393763277737039
0.4690000000000001	0.4385858320831257
0.47	0.43779412526072764
0.4710000000000001	0.437001210640382
0.472	0.4362070915666556
0.4730000000000001	0.43541177139484105
0.474	0.43461525349099056
0.4750000000000001	0.43381754123194743
0.476	0.4330186380053802
0.4770000000000001	0.43221854720981473
0.478	0.4314172722546689
0.4790000000000001	0.43061481656028483
0.48	0.4298111835579641
0.4810000000000001	0.42900637669000014
0.482	0.42820039940971466
0.4830000000000001	0.4273932551814899
0.484	0.4265849474808053
0.4850000000000001	0.42577547979427083
0.486	0.42496485561966374
0.4870000000000001	0.42415307846596206
0.488	0.42334015185338236
0.4890000000000001	0.4225260793134139
0.49	0.42171086438885586
0.4910000000000001	0.4208945106338526
0.492	0.42007702161393157
0.4929999999999999	0.4192584009060391
0.494	0.4184386520985772
0.4949999999999999	0.41761777879144285
0.496	0.41679578459606265
0.4969999999999999	0.4159726731354331
0.498	0.4151484480441572
0.4989999999999999	0.4143231129684835
0.5	0.41349667156634407
0.5009999999999999	0.4126691275073942
0.502	0.4118404844730499
0.5029999999999999	0.4110107461565295
0.504	0.4101799162628909
0.5049999999999999	0.40934799850907344
0.506	0.4085149966239362
0.5069999999999999	0.4076809143483001
0.508	0.4068457554349873
0.5089999999999999	0.4060095236488634
0.51	0.40517222276687664
0.5109999999999999	0.4043338565781021
0.512	0.40349442888378106
0.5129999999999999	0.40265394349736483
0.514	0.4018124042445556
0.5149999999999999	0.40096981496335105
0.516	0.40012617950408463
0.5169999999999999	0.3992815017294717
0.518	0.3984357855146507
0.5189999999999999	0.3975890347472285
0.52	0.39674125332732374
0.5209999999999999	0.3958924451676117
0.522	0.3950426141933683
0.5229999999999999	0.39419176434251674
0.524	0.3933398995656709
0.5249999999999999	0.39248702382618283
0.526	0.39163314110018704
0.5269999999999999	0.39077825537664873
0.528	0.3899223706574082
0.5289999999999999	0.3890654909572305
0.53	0.38820762030385003
0.5309999999999999	0.3873487627380203
0.532	0.38648892231356063
0.5329999999999999	0.3856281030974053
0.534	0.3847663091696515
0.5349999999999999	0.3839035446236087
0.536	0.38303981356584815
0.5369999999999999	0.38217512011625254
0.538	0.38130946840806546
0.5389999999999999	0.38044286258794285
0.54	0.3795753068160027
0.5409999999999999	0.3787068052658775
0.542	0.37783736212476426
0.5429999999999999	0.3769669815934776
0.544	0.3760956678865011
0.5449999999999999	0.3752234252320411
0.546	0.37435025787207826
0.5469999999999999	0.3734761700624224
0.548	0.372601166072765
0.5489999999999999	0.3717252501867349
0.55	0.370848426701951
0.5509999999999999	0.3699706999300789
0.552	0.3690920741968856
0.5529999999999999	0.3682125538422953
0.554	0.36733214322044544
0.5549999999999999	0.36645084669974415
0.556	0.36556866866292603
0.5569999999999999	0.36468561350711093
0.558	0.3638016856438607
0.5589999999999999	0.36291688949923856
0.56	0.36203122951386685
0.5609999999999999	0.3611447101429874
0.562	0.36025733585651964
0.563	0.35936911113912257
0.5640000000000001	0.35848004049025356
0.565	0.35759012842423094
0.5660000000000001	0.3566993794702936
0.567	0.35580779817266545
0.5680000000000001	0.3549153890906149
0.569	0.35402215679852034
0.5700000000000001	0.3531281058859319
0.571	0.35223324095763625
0.5720000000000001	0.35133756663372
0.573	0.3504410875496357
0.5740000000000001	0.34954380835626553
0.575	0.3486457337199896
0.5760000000000001	0.34774686832274937
0.577	0.3468472168621173
0.5780000000000001	0.3459467840513621
0.579	0.34504557461951807
0.5800000000000001	0.34414359331145244
0.581	0.34324084488793555
0.5820000000000001	0.3423373341257092
0.583	0.3414330658175577
0.5840000000000001	0.34052804477237747
0.585	0.3396222758152494
0.5860000000000001	0.33871576378750967
0.587	0.3378085135468228
0.5880000000000001	0.33690052996725345
0.589	0.33599181793934135
0.5900000000000001	0.33508238237017424
0.591	0.33417222818346315
0.5920000000000001	0.3332613603196169
0.593	0.33234978373581936
0.5940000000000001	0.3314375034061041
0.595	0.33052452432143353
0.5960000000000001	0.32961085148977454
0.597	0.3286964899361786
0.5980000000000001	0.3277814447028595
0.599	0.3268657208492742
0.6000000000000001	0.3259493234522016
0.601	0.3250322576058253
0.6020000000000001	0.32411452842181354
0.603	0.3231961410294029
0.6040000000000001	0.32227710057548
0.605	0.32135741222466624
0.6060000000000001	0.3204370811594016
0.607	0.3195161125800301
0.6080000000000001	0.3185945117048848
0.609	0.31767228377037543
0.6100000000000001	0.31674943403107464
0.611	0.3158259677598067
0.6120000000000001	0.31490189024773557
0.613	0.3139772068044549
0.6140000000000001	0.3130519227580778
0.615	0.31212604345532846
0.6160000000000001	0.31119957426163297
0.617	0.31027252056121307
0.6180000000000001	0.30934488775717817
0.619	0.308416681271621
0.6199999999999999	0.3074879065457109
0.621	0.3065585690397909
0.6219999999999999	0.3056286742334744
0.623	0.304698227625741
0.6239999999999999	0.30376723473503725
0.625	0.3028357010993734
0.6259999999999999	0.3019036322764256
0.627	0.3009710338436349
0.6279999999999999	0.30003791139831065
0.629	0.29910427055773187
0.6299999999999999	0.29817011695925233
0.631	0.29723545626040326
0.6319999999999999	0.296300294139001
0.633	0.29536463629325105
0.6339999999999999	0.2944284884418579
0.635	0.29349185632413105
0.6359999999999999	0.2925547457000961
0.637	0.29161716235060375
0.6379999999999999	0.29067911207744257
0.639	0.2897406007034494
0.6399999999999999	0.28880163407262466
0.641	0.2878622180502449
0.6419999999999999	0.28692235852298015
0.643	0.2859820613990083
0.6439999999999999	0.2850413326081345
0.645	0.28410017810190846
0.6459999999999999	0.28315860385374564
0.647	0.28221661585904584
0.6479999999999999	0.2812742201353179
0.649	0.28033142272230044
0.6499999999999999	0.2793882296820882
0.651	0.2784446470992555
0.6519999999999999	0.27750068108098463
0.653	0.27655633775719224
0.6539999999999999	0.2756116232806597
0.655	0.274666543827162
0.6559999999999999	0.27372110559560064
0.657	0.2727753148081351
0.6579999999999999	0.2718291777103182
0.659	0.27088270057123015
0.6599999999999999	0.26993588968361637
0.661	0.26898875136402406
0.6619999999999999	0.2680412919529437
0.663	0.2670935178149468
0.6639999999999999	0.26614543533883084
0.665	0.2651970509377604
0.6659999999999999	0.26424837104941407
0.667	0.26329940213612824
0.6679999999999999	0.2623501506850477
0.669	0.26140062320827223
0.6699999999999999	0.26045082624300936
0.671	0.2595007663517246
0.6719999999999999	0.25855045012229727
0.673	0.2575998841681737
0.6739999999999999	0.2566490751285259
0.675	0.25569802966840816
0.6759999999999999	0.2547467544789187
0.677	0.25379525627736016
0.6779999999999999	0.2528435418074036
0.679	0.251891617839253
0.6799999999999999	0.25093949116981235
0.681	0.24998716862285342
0.6819999999999999	0.24903465704918695
0.683	0.24808196332683277
0.6839999999999999	0.24712909436119598
0.685	0.24617605708523974
0.6859999999999999	0.2452228584596647
0.687	0.24426950547308685
0.688	0.2433160051422198
0.6890000000000001	0.24236236451205645
0.69	0.24140859065605524
0.6910000000000001	0.24045469067632583
0.692	0.23950067170381925
0.6930000000000001	0.23854654089851768
0.694	0.23759230544962873
0.6950000000000001	0.2366379725757788
0.696	0.23568354952521223
0.6970000000000001	0.23472904357598884
0.698	0.2337744620361873
0.6990000000000001	0.2328198122441067
0.7	0.2318651015684745
0.7009999999999998	0.23091033740865363
0.7020000000000002	0.22995552719485263
0.7030000000000001	0.2290006783883407
0.704	0.22804579848166012
0.7049999999999998	0.22709089499884552
0.7060000000000002	0.22613597549564338
0.7070000000000001	0.22518104755973598
0.708	0.224226118810964
0.7089999999999999	0.223271196901556
0.7100000000000002	0.22231628951635787
0.7110000000000001	0.22136140437306676
0.712	0.22040654922246486
0.7129999999999999	0.21945173184865874
0.7140000000000002	0.21849696006931982
0.7150000000000001	0.21754224173592931
0.716	0.21658758473402298
0.7169999999999999	0.21563299698344174
0.7180000000000002	0.21467848643858342
0.7190000000000001	0.21372406108865974
0.72	0.21276972895795213
0.7209999999999999	0.21181549810607503
0.7220000000000002	0.21086137662823923
0.7230000000000001	0.2099073726555215
0.724	0.2089534943551329
0.7249999999999999	0.2079997499306945
0.7260000000000002	0.20704614762251408
0.7270000000000001	0.20609269570786862
0.728	0.20513940250128584
0.7289999999999999	0.20418627635483388
0.7300000000000002	0.20323332565841132
0.7310000000000001	0.20228055884004373
0.732	0.20132798436617974
0.7329999999999999	0.20037561074199475
0.7340000000000002	0.19942344651169588
0.7350000000000001	0.1984715002588334
0.736	0.1975197806066118
0.7369999999999999	0.19656829621820893
0.7380000000000002	0.1956170557970967
0.7390000000000001	0.19466606808736855
0.74	0.19371534187406642
0.7409999999999999	0.1927648859835164
0.7420000000000002	0.19181470928366637
0.7430000000000001	0.19086482068443006
0.744	0.18991522913803172
0.7449999999999999	0.18896594363935934
0.7460000000000002	0.1880169732263198
0.7470000000000001	0.18706832698020143
0.748	0.18612001402603712
0.7489999999999999	0.1851720435329762
0.7499999999999998	0.18422442471465938
0.7510000000000001	0.1832771668295987
0.752	0.1823302791815643
0.7529999999999999	0.1813837711199727
0.7539999999999998	0.18043765204028414
0.7550000000000001	0.1794919313844029
0.756	0.17854661864108554
0.7569999999999999	0.17760172334635072
0.7579999999999998	0.1766572550838983
0.7590000000000001	0.1757132234855324
0.76	0.17476963823159247
0.7609999999999999	0.17382650905138597
0.7619999999999998	0.17288384572363172
0.7630000000000001	0.17194165807690634
0.764	0.17099995599010012
0.7649999999999999	0.17005874939287488
0.7659999999999998	0.16911804826613244
0.7670000000000001	0.16817786264248735
0.768	0.16723820260674868
0.7689999999999999	0.16629907829640503
0.7699999999999998	0.16536049990212018
0.7710000000000001	0.1644224776682341
0.772	0.1634850218932729
0.7729999999999999	0.16254814293046285
0.7739999999999998	0.16161185118825552
0.7750000000000001	0.16067615713085898
0.776	0.15974107127877832
0.7769999999999999	0.15880660420936102
0.7779999999999998	0.15787276655735408
0.7790000000000001	0.1569395690154675
0.78	0.15600702233494804
0.7809999999999999	0.15507513732615857
0.7819999999999998	0.1541439248591694
0.7830000000000001	0.15321339586435698
0.784	0.1522835613330138
0.7849999999999999	0.1513544323179639
0.7859999999999998	0.15042601993419194
0.7870000000000001	0.14949833535947962
0.788	0.14857138983505486
0.7889999999999999	0.14764519466624654
0.7899999999999998	0.14671976122315436
0.7910000000000001	0.14579510094132653
0.792	0.144871225322451
0.7929999999999999	0.14394814593505342
0.7939999999999998	0.14302587441521097
0.7950000000000002	0.14210442246727475
0.796	0.14118380186460722
0.7969999999999999	0.1402640244503266
0.7979999999999998	0.13934510213806886
0.7990000000000002	0.13842704691275887
0.8	0.1375098708313975
0.8009999999999999	0.13659358602385782
0.8019999999999998	0.13567820469369815
0.8030000000000002	0.1347637391189873
0.804	0.13385020165314612
0.8049999999999999	0.13293760472579863
0.8059999999999998	0.1320259608436428
0.8070000000000002	0.13111528259133381
0.808	0.13020558263238455
0.8089999999999999	0.12929687371007845
0.8099999999999998	0.12838916864840189
0.8110000000000002	0.12748248035299137
0.812	0.12657682181209917
0.813	0.12567220609757265
0.8139999999999998	0.12476864636585543
0.8150000000000002	0.12386615585900347
0.8160000000000001	0.12296474790572301
0.817	0.12206443592242261
0.8179999999999998	0.12116523341428917
0.8190000000000002	0.12026715397638105
0.8200000000000001	0.11937021129474412
0.821	0.11847441914754471
0.8219999999999998	0.11757979140622747
0.8230000000000002	0.11668634203669348
0.8240000000000001	0.11579408510050239
0.825	0.11490303475609417
0.8259999999999998	0.11401320526003791
0.8270000000000002	0.11312461096830284
0.8280000000000001	0.11223726633755625
0.829	0.11135118592648274
0.8299999999999998	0.11046638439713388
0.8310000000000002	0.10958287651630193
0.8320000000000001	0.10870067715692346
0.833	0.10781980129950715
0.8339999999999999	0.10694026403359436
0.8350000000000002	0.1060620805592472
0.8360000000000001	0.10518526618856934
0.837	0.1043098363472539
0.8379999999999999	0.10343580657616795
0.8390000000000002	0.10256319253296696
0.8400000000000001	0.10169200999374606
0.841	0.10082227485472188
0.8419999999999999	0.09995400313395432
0.8430000000000002	0.0990872109731027
0.8440000000000001	0.09822191463922171
0.845	0.09735813052659321
0.8459999999999999	0.09649587515860088
0.8470000000000002	0.09563516518964474
0.8480000000000001	0.09477601740709922
0.849	0.09391844873331218
0.8499999999999999	0.09306247622765122
0.8510000000000002	0.09220811708859529
0.8520000000000001	0.09135538865587485
0.853	0.09050430841265798
0.8539999999999999	0.0896548939877904
0.8550000000000002	0.08880716315808511
0.8560000000000001	0.08796113385066799
0.857	0.08711682414537449
0.8579999999999999	0.08627425227720738
0.8590000000000002	0.08543343663885038
0.8600000000000001	0.0845943957832448
0.861	0.08375714842622486
0.8619999999999999	0.08292171344922099
0.8630000000000002	0.08208810990202703
0.8640000000000001	0.08125635700563881
0.865	0.08042647415515922
0.8659999999999999	0.07959848092278067
0.8670000000000002	0.07877239706084015
0.8680000000000001	0.07794824250495502
0.869	0.07712603737723574
0.8699999999999999	0.07630580198958527
0.8710000000000002	0.07548755684708292
0.8720000000000001	0.07467132265145913
0.873	0.0738571203046591
0.8739999999999999	0.07304497091250531
0.8750000000000002	0.0722348957884568
0.8760000000000001	0.07142691645747293
0.877	0.070621054659979
0.8779999999999999	0.06981733235594592
0.8789999999999998	0.06901577172908141
0.8800000000000001	0.0682163951911389
0.881	0.06741922538635095
0.8819999999999999	0.06662428519598536
0.8829999999999998	0.06583159774303676
0.8840000000000001	0.0650411863970523
0.885	0.06425307477910139
0.8859999999999999	0.06346728676688894
0.8869999999999998	0.062683846500025
0.8880000000000001	0.061902778385451336
0.889	0.061124107103035175
0.8899999999999999	0.06034785761133112
0.8909999999999998	0.05957405515352533
0.8920000000000001	0.0588027252635636
0.893	0.05803389377247502
0.8939999999999999	0.05726758681489368
0.8949999999999998	0.056503830835793946
0.8960000000000001	0.05574265259744262
0.897	0.054984079186581034
0.8979999999999999	0.0542281380218423
0.8989999999999998	0.05347485686141969
0.9000000000000001	0.05272426381099283
0.901	0.051976387331926395
0.9019999999999999	0.0512312562497482
0.9029999999999998	0.050488899762926955
0.9040000000000001	0.049749347451956395
0.905	0.04901262928876578
0.9059999999999999	0.04827877564646488
0.9069999999999998	0.04754781730944779
0.9080000000000001	0.0468197854838653
0.909	0.04609471180848961
0.9099999999999999	0.045372628365983464
0.9109999999999998	0.04465356769460168
0.9120000000000001	0.043937562800340474
0.913	0.043224647169561176
0.9139999999999999	0.04251485478210808
0.9149999999999998	0.04180822012495107
0.9160000000000001	0.041104778206377125
0.917	0.04040456457076146
0.9179999999999999	0.039707615313946024
0.9189999999999998	0.0390139670992635
0.9200000000000002	0.03832365717423755
0.921	0.03763672338800076
0.9219999999999999	0.03695320420946513
0.9229999999999998	0.03627313874629494
0.9240000000000002	0.03559656676472263
0.925	0.034923528710260984
0.9259999999999999	0.03425406572935995
0.9269999999999998	0.033588219692070806
0.9280000000000002	0.03292603321577403
0.929	0.03226754969004032
0.9299999999999999	0.03161281330269085
0.9309999999999998	0.03096186906713903
0.9320000000000002	0.03031476285109127
0.933	0.029671541406699493
0.9339999999999999	0.029032252402256837
0.9349999999999998	0.028396944455546556
0.9360000000000002	0.02776566716895224
0.937	0.027138471166455663
0.938	0.02651540813265051
0.9389999999999998	0.025896530853922625
0.9400000000000002	0.02528189326195013
0.9410000000000001	0.024671550479698687
0.942	0.024065558870095632
0.9429999999999998	0.023463976087594263
0.9440000000000002	0.022866861132849026
0.9450000000000001	0.022274274410752457
0.946	0.02168627779210108
0.9469999999999998	0.021102934679195547
0.9480000000000002	0.020524310075699912
0.9490000000000001	0.01995047066112847
0.95	0.01938148487035991
0.9509999999999998	0.018817422978630993
0.9520000000000002	0.01825835719250339
0.9530000000000001	0.017704361747361255
0.954	0.01715551301205304
0.9549999999999998	0.01661188960137461
0.9560000000000002	0.016073572497165085
0.9570000000000001	0.015540645178889315
0.958	0.015013193764685908
0.9589999999999999	0.014491307163994055
0.9600000000000002	0.013975077243013063
0.9610000000000001	0.013464599004424933
0.962	0.012959970783004851
0.9629999999999999	0.012461294458984714
0.9640000000000002	0.011968675691302279
0.9650000000000001	0.011482224173196743
0.966	0.011002053912989715
0.9669999999999999	0.010528283543352238
0.9680000000000002	0.010061036662896466
0.9690000000000001	0.009600442214590069
0.97	0.009146634906275347
0.9709999999999999	0.008699755679543095
0.9720000000000002	0.008259952234375726
0.9730000000000001	0.007827379618423756
0.974	0.007402200891560244
0.9749999999999999	0.006984587878595534
0.9760000000000002	0.006574722025830578
0.9770000000000001	0.006172795380689577
0.978	0.00577901171821784
0.9789999999999999	0.005393587844120837
0.9800000000000002	0.005016755111697735
0.9810000000000001	0.004648761200184621
0.982	0.004289872215610937
0.9829999999999999	0.003940375193726928
0.9840000000000002	0.0036005811099760806
0.9850000000000001	0.003270828537121261
0.986	0.002951488142013171
0.9869999999999999	0.002642968287214287
0.9880000000000002	0.0023457221140422272
0.9890000000000001	0.0020602566537187656
0.99	0.0017871447825966724
0.9909999999999999	0.001527041279354052
0.9920000000000002	0.0012807049986240094
0.9930000000000001	0.0010490305381292318
0.994	0.0008330953866151362
0.9949999999999999	0.000634233940921094
0.9960000000000002	0.0004541621272235704
0.9970000000000001	0.0002952086660561607
0.998	0.0001608119589213811
0.9989999999999999	0.00005689830305944148
1.0000000000000002	0.
1.0010000000000001	0.
1.002	0.
1.003	0.
1.0040000000000002	0.
1.0050000000000001	0.
1.006	0.
1.007	0.
1.0079999999999998	0.
1.0090000000000001	0.
1.01	0.
1.011	0.
1.0119999999999998	0.
1.0130000000000001	0.
1.014	0.
1.015	0.
1.0159999999999998	0.
1.0170000000000001	0.
1.018	0.
1.019	0.
1.0199999999999998	0.
1.0210000000000001	0.
1.022	0.
1.023	0.
1.0239999999999998	0.
1.0250000000000001	0.
1.026	0.
1.027	0.
1.0279999999999998	0.
1.0290000000000001	0.
1.03	0.
1.031	0.
1.0319999999999998	0.
1.0330000000000001	0.
1.034	0.
1.035	0.
1.0359999999999998	0.
1.0370000000000001	0.
1.038	0.
1.039	0.
1.0399999999999998	0.
1.0410000000000001	0.
1.042	0.
1.043	0.
1.0439999999999998	0.
1.0450000000000002	0.
1.046	0.
1.047	0.
1.0479999999999998	0.
1.0490000000000002	0.
1.05	0.
1.051	0.
1.0519999999999998	0.
1.0530000000000002	0.
1.054	0.
1.055	0.
1.0559999999999998	0.
1.0570000000000002	0.
1.058	0.
1.059	0.
1.0599999999999998	0.
1.0610000000000002	0.
1.062	0.
1.063	0.
1.0639999999999998	0.
1.0650000000000002	0.
1.066	0.
1.067	0.
1.0679999999999998	0.
1.0690000000000002	0.
1.07	0.
1.071	0.
1.0719999999999998	0.
1.0730000000000002	0.
1.074	0.
1.075	0.
1.0759999999999998	0.
1.0770000000000002	0.
1.078	0.
1.079	0.
1.0799999999999998	0.
1.0810000000000002	0.
1.082	0.
1.083	0.
1.0839999999999999	0.
1.0850000000000002	0.
1.086	0.
1.087	0.
1.0879999999999999	0.
1.0890000000000002	0.
1.09	0.
1.091	0.
1.0919999999999999	0.
1.0930000000000002	0.
1.094	0.
1.095	0.
1.0959999999999999	0.
1.0970000000000002	0.
1.098	0.
1.099	0.
1.0999999999999999	0.
1.1010000000000002	0.
1.102	0.
1.103	0.
1.1039999999999999	0.
1.1050000000000002	0.
1.106	0.
1.107	0.
1.1079999999999999	0.
1.1090000000000002	0.
1.11	0.
1.111	0.
1.1119999999999999	0.
1.1130000000000002	0.
1.114	0.
1.115	0.
1.1159999999999999	0.
1.1170000000000002	0.
1.118	0.
1.119	0.
1.1199999999999999	0.
1.1210000000000002	0.
1.122	0.
1.123	0.
1.1239999999999999	0.
1.1250000000000002	0.
1.1260000000000001	0.
1.127	0.
1.128	0.
1.1290000000000002	0.
1.1300000000000001	0.
1.131	0.
1.132	0.
1.1329999999999998	0.
1.1340000000000001	0.
1.135	0.
1.136	0.
1.1369999999999998	0.
1.1380000000000001	0.
1.139	0.
1.14	0.
1.1409999999999998	0.
1.1420000000000001	0.
1.143	0.
1.144	0.
1.1449999999999998	0.
1.1460000000000001	0.
1.147	0.
1.148	0.
1.1489999999999998	0.
1.1500000000000001	0.
1.151	0.
1.152	0.
1.1529999999999998	0.
1.1540000000000001	0.
1.155	0.
1.156	0.
1.1569999999999998	0.
1.1580000000000001	0.
1.159	0.
1.16	0.
1.1609999999999998	0.
1.1620000000000001	0.
1.163	0.
1.164	0.
1.1649999999999998	0.
1.1660000000000001	0.
1.167	0.
1.168	0.
1.1689999999999998	0.
1.1700000000000002	0.
1.171	0.
1.172	0.
1.1729999999999998	0.
1.1740000000000002	0.
1.175	0.
1.176	0.
1.1769999999999998	0.
1.1780000000000002	0.
1.179	0.
1.18	0.
1.1809999999999998	0.
1.1820000000000002	0.
1.183	0.
1.184	0.
1.1849999999999998	0.
1.1860000000000002	0.
1.187	0.
1.188	0.
1.1889999999999998	0.
1.1900000000000002	0.
1.191	0.
1.192	0.
1.1929999999999998	0.
1.1940000000000002	0.
1.195	0.
1.196	0.
1.1969999999999998	0.
1.1980000000000002	0.
1.199	0.
1.2	0.
1.2009999999999998	0.
1.2020000000000002	0.
1.203	0.
1.204	0.
1.2049999999999998	0.
1.2060000000000002	0.
1.207	0.
1.208	0.
1.2089999999999999	0.
1.2100000000000002	0.
1.211	0.
1.212	0.
1.2129999999999999	0.
1.2140000000000002	0.
1.215	0.
1.216	0.
1.2169999999999999	0.
1.2180000000000002	0.
1.219	0.
1.22	0.
1.2209999999999999	0.
1.2220000000000002	0.
1.223	0.
1.224	0.
1.2249999999999999	0.
1.2260000000000002	0.
1.227	0.
1.228	0.
1.2289999999999999	0.
1.2300000000000002	0.
1.231	0.
1.232	0.
1.2329999999999999	0.
1.2340000000000002	0.
1.235	0.
1.236	0.
1.2369999999999999	0.
1.2380000000000002	0.
1.239	0.
1.24	0.
1.2409999999999999	0.
1.2420000000000002	0.
1.243	0.
1.244	0.
1.2449999999999999	0.
1.2460000000000002	0.
1.247	0.
1.248	0.
1.2489999999999999	0.
1.2500000000000002	0.
1.2510000000000001	0.
1.252	0.
1.253	0.
1.2540000000000002	0.
1.2550000000000001	0.
1.256	0.
1.257	0.
1.2580000000000002	0.
1.2590000000000001	0.
1.26	0.
1.261	0.
1.2619999999999998	0.
1.2630000000000001	0.
1.264	0.
1.265	0.
1.2659999999999998	0.
1.2670000000000001	0.
1.268	0.
1.269	0.
1.2699999999999998	0.
1.2710000000000001	0.
1.272	0.
1.273	0.
1.2739999999999998	0.
1.2750000000000001	0.
1.276	0.
1.277	0.
1.2779999999999998	0.
1.2790000000000001	0.
1.28	0.
1.281	0.
1.2819999999999998	0.
1.2830000000000001	0.
1.284	0.
1.285	0.
1.2859999999999998	0.
1.2870000000000001	0.
1.288	0.
1.289	0.
1.2899999999999998	0.
1.2910000000000001	0.
1.292	0.
1.293	0.
1.2939999999999998	0.
1.2950000000000002	0.
1.296	0.
1.297	0.
1.2979999999999998	0.
1.2990000000000002	0.
1.3	0.