1e-07 2.73165616683688
1.1e-07 2.73165616706224
1.21e-07 2.73165616730929
1.331e-07 2.73165616695803
1.4641e-07 2.73165616723686
1.61051e-07 2.73165616755692
1.771561e-07 2.73165616790739
1.9487171e-07 2.73165616829138
2.14358881e-07 2.73165616871013
2.357947691e-07 2.73165623192949
2.5937424601e-07 2.73165623241069
2.85311670611e-07 2.73165623294132
3.138428376721e-07 2.73165623350917
3.4522712143931e-07 2.73165623412278
3.79749833583241e-07 2.73165623476961
4.17724816941566e-07 2.73165623548039
4.59497298635722e-07 2.73165623625029
5.05447028499294e-07 2.73165623966894
5.55991731349224e-07 2.73165624058176
6.11590904484146e-07 2.73165624157241
6.72749994932561e-07 2.73165624261852
7.40024994425817e-07 2.73165625164942
8.14027493868399e-07 2.73165625291441
8.95430243255239e-07 2.73165625427494
9.84973267580763e-07 2.73165625565274
1.08347059433884e-06 2.73165625708203
1.19181765377272e-06 2.73165625853922
1.31099941915e-06 2.73165625995518
1.442099361065e-06 2.73165626151995
1.5863092971715e-06 2.73165626293104
1.74494022688864e-06 2.73165626402565
1.91943424957751e-06 2.73165626500653
2.11137767453526e-06 2.73165626584954
2.32251544198879e-06 2.73165626633036
2.55476698618767e-06 2.73165626723316
2.81024368480643e-06 2.73165619613905
3.09126805328708e-06 2.73165627735004
3.40039485861578e-06 2.73165627025677
3.74043434447736e-06 2.73165626076013
4.1144777789251e-06 2.73165657315563
4.52592555681761e-06 2.73165662689356
4.97851811249937e-06 2.73165683650104
5.47636992374931e-06 2.73165683169539
6.02400691612424e-06 2.73165651409773
6.62640760773667e-06 2.73165546498357
7.28904836851033e-06 2.73165540457608
8.01795320536137e-06 2.73165536250644
8.8197485258975e-06 2.73165528152634
9.70172337848725e-06 2.73165516115691
1.0671895716336e-05 2.73165580262822
1.17390852879696e-05 2.73165554768069
1.29129938167665e-05 2.73165542495353
1.42042931984432e-05 2.73165526215534
1.56247225182875e-05 2.73165487901323
1.71871947701163e-05 2.73165461129506
1.89059142471279e-05 2.73165407944877
2.07965056718407e-05 2.73165360143412
2.28761562390248e-05 2.73165312013669
2.51637718629272e-05 2.73165239576152
2.768014904922e-05 2.73165120158796
3.0448163954142e-05 2.73165067137011
3.34929803495561e-05 2.73164950417266
3.68422783845118e-05 2.7316481387614
4.05265062229629e-05 2.73164614355776
4.45791568452592e-05 2.73164392603048
4.90370725297852e-05 2.73164115498702
5.39407797827637e-05 2.73163840743053
5.93348577610401e-05 2.73163420431987
6.52683435371441e-05 2.73162883562613
7.17951778908585e-05 2.73162397518434
7.89746956799443e-05 2.7316171111441
8.68721652479388e-05 2.7316092557472
9.55593817727327e-05 2.73159983048439
0.000105115319950006 2.73158782257375
0.000115626851945007 2.73157281910067
0.000127189537139507 2.73155565415841
0.000139908490853458 2.73153445121624
0.000153899339938804 2.7315091505303
0.000169289273932684 2.73147786677642
0.000186218201325953 2.73144091887419
0.000204840021458548 2.73139507439946
0.000225324023604403 2.73134064664521
0.000247856425964843 2.73127399905785
0.000272642068561327 2.73119352636139
0.00029990627541746 2.73109744253345
0.000329896902959206 2.73098017130707
0.000362886593255127 2.73083853132142
0.000399175252580639 2.73066691772786
0.000439092777838703 2.73045904503228
0.000483002055622574 2.73020716773212
0.000531302261184831 2.72990368248345
0.000584432487303314 2.72953614321876
0.000642875736033646 2.72909167393409
0.000707163309637011 2.72855369418748
0.000777879640600712 2.72790300030972
0.000855667604660783 2.72711704194333
0.000941234365126861 2.72616552429675
0.00103535780163955 2.72501677591198
0.0011388935818035 2.72362804308281
0.00125278293998385 2.72195090202252
0.00137806123398224 2.71992527377748
0.00151586735738046 2.71747880459964
0.00166745409311851 2.71452621110443
0.00183419950243036 2.71096597549435
0.0020176194526734 2.70667422534186
0.00221938139794073 2.70150587223144
0.00244131953773481 2.69528630504923
0.00268545149150829 2.68781379085516
0.00295399664065912 2.67884518433493
0.00324939630472503 2.66809972502024
0.00357433593519753 2.65525102898787
0.00393176952871729 2.63992401240759
0.00432494648158902 2.62169138780492
0.00475744112974792 2.60007471193919
0.00523318524272271 2.57454515972281
0.00575650376699498 2.54453573576727
0.00633215414369448 2.5094450813907
0.00696536955806393 2.46867051169116
0.00766190651387032 2.42162645518648
0.00842809716525736 2.3677934975523
0.00927090688178309 2.30676025093321
0.0101979975699614 2.23827765220045
0.0112177973269575 2.16231283306777
0.0123395770596533 2.0791040952547
0.0135735347656186 1.98919334187594
0.0149308882421805 1.89343582860394
0.0164239770663985 1.79300406026876
0.0180663747730384 1.68933274161619
0.0198730122503422 1.58405787670783
0.0218603134753765 1.47893151181581
0.0240463448229141 1.3757253318051
0.0264509793052055 1.27615146677457
0.0290960772357261 1.18177885894402
0.0320056849592987 1.09399083345995
0.0352062534552286 1.01395955906645
0.0387268788007514 0.942650636328444
0.0425995666808266 0.880845950495692
0.0468595233489092 0.829181015263568
0.0515454756838002 0.788180381915122
0.0567000232521802 0.758321214520308
0.0623700255773982 0.740059248747299
0.068607028135138 0.733899304128722
0.0754677309486518 0.74046075159612
0.083014504043517 0.760575881075203
0.0913159544478687 0.795437399144529
0.100447549892656 0.846812507116771
0.110492304881921 0.91736035640884
0.121541535370113 1.01110653120164
0.133695688907125 1.1341067197676
0.147065257797837 1.29549110202868
0.161771783577621 1.50904270659466
0.177948961935383 1.79567689129717
0.195743858128921 2.18725508502346
0.215318243941813 2.73150320470858
0.236850068335995 3.49468448579039
0.260535075169594 4.54469348619401
0.286588582686554 5.86166530924102
0.315247440955209 7.1274834832981
0.34677218505073 7.68704070758366
0.381449403555803 7.19069934281145
0.419594343911384 6.00201773740351
0.461553778302522 4.65142385902248
0.507709156132774 3.43821211012038
0.558480071746052 2.45860544071985
0.614328078920657 1.71081367320717
0.675760886812723 1.15908814660022
0.743336975493995 0.762374220886187
0.817670673043395 0.484562018250382
0.899437740347734 0.297848859200251
0.989381514382508 0.1810811027871
1.08831966582076 0.107061292092173
1.19715163240283 0.0603185868129031
1.31686679564312 0.0332757325514051
1.44855347520743 0.0180058157106872
1.59340882272817 0.009236025091847
1.75274970500099 0.0044187793390184
1.92802467550109 0.00195899114699871
2.1208271430512 0.000811260517689802
2.33290985735632 0.000318855234587086
2.56620084309195 0.000120017473418931
2.82282092740115 4.30762327707068e-05
3.10510302014126 1.45494528862756e-05
3.41561332215539 4.54999912531336e-06
3.75717465437093 1.29504476291235e-06
4.13289211980802 3.29024405964017e-07
4.54618133178882 7.727472991044e-08
