2 0.05798055369307175
3 0.031709810339898253
4 0.01741595721245319
5 0.0095176424466017033
6 0.0052948375529193389
7 0.0028906453441916256
8 0.0017528778350524655
9 0.0010581633454856466
10 0.00057941755630509253
11 0.00029013548498166828
12 0.00013146725709533132
13 5.2739532130099727e-05
14 2.6286216427989085e-05
15 2.024632554911038e-05
16 1.4613351350237181e-05
17 9.6212878878062249e-06
18 5.804691954385477e-06
19 3.2739760983474239e-06
20 1.8121092436412073e-06
21 9.6704752062371676e-07
22 5.4760499340982319e-07
23 4.2955306128039529e-07
24 3.8565028987685995e-07
25 3.6194620064946745e-07
26 3.4858425028002425e-07
27 3.4091516018621223e-07
28 3.3706758860732323e-07
