2 0.0181015454118917
3 0.00867045011774329
4 0.00913980066597282
5 0.00619576966363187
6 0.00329160990464167
7 0.00149102821392062
8 0.000547619310024088
9 0.000285596094100355
10 0.000220799274016167
11 0.00014759010865022
12 9.91471461191485e-05
13 5.44099704507438e-05
14 2.52034852243855e-05
15 1.0866502925258e-05
16 4.4623425071969e-06
17 1.69506386229676e-06
18 1.04401353867086e-06
19 6.98376321029513e-07
20 4.39081174241726e-07
21 2.46590926329955e-07
22 1.36442474116149e-07
23 7.11517933136916e-08
24 3.3983143228105e-08
25 1.50790024770046e-08
26 5.51854566900904e-09
