-1.3	0
-1.2989999999999999	0
-1.298	0
-1.2969999999999999	0
-1.296	0
-1.2949999999999999	0
-1.294	0
-1.2929999999999999	0
-1.292	0
-1.2909999999999999	0
-1.29	0
-1.2889999999999999	0
-1.288	0
-1.2869999999999999	0
-1.286	0
-1.2849999999999999	0
-1.284	0
-1.2829999999999999	0
-1.282	0
-1.2809999999999999	0
-1.28	0
-1.2789999999999999	0
-1.278	0
-1.2769999999999999	0
-1.276	0
-1.2749999999999999	0
-1.274	0
-1.2729999999999999	0
-1.272	0
-1.2709999999999999	0
-1.27	0
-1.2689999999999999	0
-1.268	0
-1.2669999999999999	0
-1.266	0
-1.2649999999999999	0
-1.264	0
-1.2629999999999999	0
-1.262	0
-1.2609999999999999	0
-1.26	0
-1.2589999999999999	0
-1.258	0
-1.2569999999999999	0
-1.256	0
-1.2549999999999999	0
-1.254	0
-1.2529999999999999	0
-1.252	0
-1.2509999999999999	0
-1.25	0
-1.2490000000000001	0
-1.248	0
-1.2470000000000001	0
-1.246	0
-1.2450000000000001	0
-1.244	0
-1.2430000000000001	0
-1.242	0
-1.2410000000000001	0
-1.24	0
-1.2390000000000001	0
-1.238	0
-1.2370000000000001	0
-1.236	0
-1.2350000000000001	0
-1.234	0
-1.2330000000000001	0
-1.232	0
-1.2310000000000001	0
-1.23	0
-1.2290000000000001	0
-1.228	0
-1.2270000000000001	0
-1.226	0
-1.2250000000000001	0
-1.224	0
-1.2230000000000001	0
-1.222	0
-1.2210000000000001	0
-1.22	0
-1.2190000000000001	0
-1.218	0
-1.2170000000000001	0
-1.216	0
-1.2150000000000001	0
-1.214	0
-1.2130000000000001	0
-1.212	0
-1.2110000000000001	0
-1.21	0
-1.2090000000000001	0
-1.208	0
-1.2070000000000001	0
-1.206	0
-1.2050000000000001	0
-1.204	0
-1.2030000000000001	0
-1.202	0
-1.2010000000000001	0
-1.2	0
-1.1990000000000001	0
-1.198	0
-1.1970000000000001	0
-1.196	0
-1.1950000000000001	0
-1.194	0
-1.1930000000000001	0
-1.1919999999999999	0
-1.1910000000000001	0
-1.1899999999999999	0
-1.1890000000000001	0
-1.1879999999999999	0
-1.1870000000000001	0
-1.1859999999999999	0
-1.1850000000000001	0
-1.1839999999999999	0
-1.1830000000000001	0
-1.1819999999999999	0
-1.181	0
-1.1799999999999999	0
-1.179	0
-1.1779999999999999	0
-1.177	0
-1.1759999999999999	0
-1.175	0
-1.1739999999999999	0
-1.173	0
-1.1719999999999999	0
-1.171	0
-1.1699999999999999	0
-1.169	0
-1.1679999999999999	0
-1.167	0
-1.1659999999999999	0
-1.165	0
-1.1639999999999999	0
-1.163	0
-1.1619999999999999	0
-1.161	0
-1.1599999999999999	0
-1.159	0
-1.1579999999999999	0
-1.157	0
-1.1559999999999999	0
-1.155	0
-1.1539999999999999	0
-1.153	0
-1.1519999999999999	0
-1.151	0
-1.1499999999999999	0
-1.149	0
-1.1479999999999999	0
-1.147	0
-1.1459999999999999	0
-1.145	0
-1.1439999999999999	0
-1.143	0
-1.1419999999999999	0
-1.141	0
-1.1399999999999999	0
-1.139	0
-1.1379999999999999	0
-1.137	0
-1.1359999999999999	0
-1.135	0
-1.1339999999999999	0
-1.133	0
-1.1319999999999999	0
-1.131	0
-1.1299999999999999	0
-1.129	0
-1.1279999999999999	0
-1.127	0
-1.1259999999999999	0
-1.125	0
-1.1240000000000001	0
-1.123	0
-1.1220000000000001	0
-1.121	0
-1.1200000000000001	0
-1.119	0
-1.1180000000000001	0
-1.117	0
-1.1160000000000001	0
-1.115	0
-1.1140000000000001	0
-1.113	0
-1.1120000000000001	0
-1.111	0
-1.1100000000000001	0
-1.109	0
-1.1080000000000001	0
-1.107	0
-1.1060000000000001	0
-1.105	0
-1.1040000000000001	0
-1.103	0
-1.1020000000000001	0
-1.101	0
-1.1000000000000001	0
-1.099	0
-1.0980000000000001	0
-1.097	0
-1.0960000000000001	0
-1.095	0
-1.0940000000000001	0
-1.093	0
-1.0920000000000001	0
-1.091	0
-1.0900000000000001	0
-1.089	0
-1.0880000000000001	0
-1.087	0
-1.0860000000000001	0
-1.085	0
-1.0840000000000001	0
-1.083	0
-1.0820000000000001	0
-1.081	0
-1.0800000000000001	0
-1.079	0
-1.0780000000000001	0
-1.077	0
-1.0760000000000001	0
-1.075	0
-1.0740000000000001	0
-1.073	0
-1.0720000000000001	0
-1.071	0
-1.0700000000000001	0
-1.069	0
-1.0680000000000001	0
-1.0669999999999999	0
-1.0660000000000001	0
-1.0649999999999999	0
-1.0640000000000001	0
-1.0629999999999999	0
-1.0620000000000001	0
-1.0609999999999999	0
-1.0600000000000001	0
-1.0589999999999999	0
-1.0580000000000001	0
-1.0569999999999999	0
-1.056	0
-1.0549999999999999	0
-1.054	0
-1.0529999999999999	0
-1.052	0
-1.0509999999999999	0
-1.05	0
-1.0489999999999999	0
-1.048	0
-1.0469999999999999	0
-1.046	0
-1.0449999999999999	0
-1.044	0
-1.0429999999999999	0
-1.042	0
-1.0409999999999999	0
-1.04	0
-1.0389999999999999	0
-1.038	0
-1.0369999999999999	0
-1.036	0
-1.0349999999999999	0
-1.034	0
-1.0329999999999999	0
-1.032	0
-1.0309999999999999	0
-1.03	0
-1.0289999999999999	0
-1.028	0
-1.0269999999999999	0
-1.026	0
-1.0249999999999999	0
-1.024	0
-1.0229999999999999	0
-1.022	0
-1.0209999999999999	0
-1.02	0
-1.0189999999999999	0
-1.018	0
-1.0169999999999999	0
-1.016	0
-1.0149999999999999	0
-1.014	0
-1.0129999999999999	0
-1.012	0
-1.0109999999999999	0
-1.01	0
-1.0089999999999999	0
-1.008	0
-1.0069999999999999	0
-1.006	0
-1.0049999999999999	0
-1.004	0
-1.0029999999999999	0
-1.002	0
-1.0009999999999999	0
-1	0
-0.99999876629970352	0.00099999958863065171
-0.99999506520185821	0.0019999967098618273
-0.99998889671559599	0.0029999888962997942
-0.99998026085613712	0.0039999736805635218
-0.99996915764478966	0.0049999485952896749
-0.99995558710894983	0.0059999111731398429
-0.99993954928210138	0.0069998589468054815
-0.99992104420381611	0.0079997894490151465
-0.9999000719197535	0.0089997002125394403
-0.99987663248166059	0.0099995887701980948
-0.99985072594737179	0.010999452654865627
-0.99982235238080897	0.011999289399477017
-0.99979151185198112	0.012999096537034769
-0.99975820443698404	0.013998871600613876
-0.99972243021800056	0.014998612123369039
-0.99968418928329994	0.015998315638539613
-0.99964348172723805	0.016997979679456692
-0.99960030765025654	0.017997601779548778
-0.9995546671588833	0.018997179472347418
-0.9995065603657316	0.019996710291494298
-0.99945598738950014	0.020996191770746218
-0.9994029483549729	0.021995621443982247
-0.99934744339301829	0.022994996845208743
-0.9992894726405892	0.023994315508566535
-0.9992290362407229	0.024993574968335867
-0.99916613434254009	0.02599277275894351
-0.99910076710124496	0.026991906414968368
-0.99903293467812471	0.0279909734711472
-0.99896263724054912	0.028989971462381629
-0.99888987496197001	0.029988897923743141
-0.9988146480219211	0.030987750390480275
-0.99873695660601747	0.031986526398023581
-0.99865680090595499	0.032985223481992829
-0.99857418111950969	0.033983839178201962
-0.99848909745053793	0.034982371022666152
-0.99840155010897502	0.035980816551607481
-0.99831153931083538	0.036979173301460576
-0.9982190652782118	0.037977438808879688
-0.99812412823927454	0.038975610610743609
-0.99802672842827156	0.039973686244162955
-0.99792686608552705	0.040971663246485004
-0.99782454145744148	0.041969539155300876
-0.99771975479649055	0.042967311508451088
-0.99761250636122523	0.043964977844031271
-0.99750279641627004	0.044962535700399195
-0.99739062523232369	0.045959982616179722
-0.99727599308615711	0.046957316130272035
-0.99715890026061393	0.047954533781854547
-0.99703934704460895	0.04895163311039212
-0.99691733373312796	0.049948611655640976
-0.99679286062722661	0.050945466957655831
-0.99666592803402987	0.051942196556795432
-0.99653653626673133	0.052938797993728325
-0.99640468564459239	0.053935268809439788
-0.99627037649294126	0.054931606545236877
-0.9961336091431725	0.055927808742755554
-0.99599438393274586	0.056923872943965614
-0.99585270120518565	0.057919796691177979
-0.99570856131008012	0.058915577527049498
-0.99556196460308	0.059911212994590096
-0.99541291144589816	0.060906700637168375
-0.99526140220630832	0.061902037998517234
-0.99510743725814454	0.062897222622740973
-0.99495101698130017	0.063892252054320184
-0.99479214176172648	0.06488712383811894
-0.99463081199143233	0.065881835519389711
-0.99446702806848297	0.066876384643780609
-0.99430079039699892	0.067870768757340244
-0.99413209938715508	0.068864985406524803
-0.99396095545517971	0.069859032138203658
-0.99378735902335347	0.07085290649966508
-0.9936113105200084	0.071846606038623126
-0.99343281037952658	0.072840128303222673
-0.99325185904233937	0.073833470842046611
-0.99306845695492629	0.074826631204120683
-0.9928826045698137	0.07581960693892055
-0.99269430234557376	0.076812395596377439
-0.99250355074682373	0.07780499472688375
-0.99231035024422409	0.078797401881300064
-0.99211470131447788	0.079789614610960125
-0.99191660444032925	0.080781630467677931
-0.9917160601105629	0.081773447003752678
-0.99151306882000168	0.082765061771975942
-0.99130763106950659	0.083756472325636572
-0.99109974736597484	0.084747676218527732
-0.99088941822233867	0.085738671004952444
-0.99067664415756451	0.0867294542397294
-0.99046142569665119	0.087720023478199655
-0.9902437633706288	0.088710376276231809
-0.99002365771655754	0.089700510190229094
-0.98980110927752618	0.090690422777134225
-0.98957611860265093	0.091680111594436411
-0.98934868624707395	0.092669574200177005
-0.98911881277196179	0.093658808152955159
-0.98888649874450452	0.094647811011934674
-0.98865174473791406	0.095636580336849047
-0.9884145513314222	0.096625113688008538
-0.98817491911028055	0.097613408626305048
-0.98793284866575737	0.098601462713219415
-0.98768834059513777	0.09958927351082604
-0.98744139550172083	0.10057683858180018
-0.98719201399481915	0.10156415548942331
-0.98694019668975685	0.10255122179758883
-0.98668594420786804	0.103538035070809
-0.98642925717649543	0.1045245928742199
-0.98617013622898886	0.10551089277358851
-0.98590858200470333	0.10649693233531761
-0.98564459514899805	0.10748270912645286
-0.98537817631323421	0.10846822071468772
-0.98510932615477398	0.1094534646683705
-0.98483804533697816	0.11043843855650975
-0.98456433452920533	0.11142313994878013
-0.98428819440680981	0.11240756641552906
-0.9840096256511397	0.11339171552778182
-0.98372862894953583	0.11437558485724862
-0.98344520499532972	0.11535917197632935
-0.98315935448784153	0.1163424744581209
-0.98287107813237917	0.11732548987642184
-0.9825803766402359	0.11830821580573951
-0.98228725072868861	0.1192906498212955
-0.98199170112099654	0.12027278949903121
-0.9816937285463988	0.12125463241561496
-0.98139333374011328	0.12223617614844666
-0.98109051744333409	0.12321741827566483
-0.98078528040323043	0.12419835637615227
-0.98047762337294442	0.1251789880295415
-0.98016754711158904	0.12615931081622131
-0.97985505238424686	0.12713932231734282
-0.97954013996196743	0.12811902011482521
-0.97922281062176575	0.12909840179136126
-0.97890306514662062	0.13007746493042432
-0.97858090432547207	0.13105620711627314
-0.97825632895322001	0.13203462593395882
-0.97792933983072183	0.13301271896933028
-0.97759993776479071	0.13399048380904
-0.97726812356819348	0.13496791804055067
-0.9769338980596487	0.13594501925214014
-0.97659726206382458	0.13692178503290867
-0.97625821641133703	0.13789821297278348
-0.97591676193874732	0.13887430066252598
-0.97557289948856074	0.13985004569373657
-0.97522662990922337	0.14082544565886149
-0.97487795405512123	0.14180049815119838
-0.97452687278657713	0.14277520076490197
-0.97417338696984934	0.14374955109499063
-0.97381749747712887	0.14472354673735155
-0.97345920518653772	0.14569718528874762
-0.97309851098212652	0.14667046434682215
-0.97273541575387235	0.14764338151010614
-0.97236992039767656	0.1486159343780229
-0.97200202581536266	0.14958812055089504
-0.97163173291467386	0.15055993762994999
-0.97125904260927132	0.15153138321732543
-0.97088395581873099	0.1525024549160762
-0.97050647346854246	0.15347315033017914
-0.9701265964901058	0.15444346706454012
-0.96974432582072978	0.15541340272499873
-0.96935966240362925	0.15638295491833545
-0.96897260718792289	0.15735212125227635
-0.96858316112863108	0.15832089933549995
-0.96819132518667317	0.15928928677764281
-0.96779710032886546	0.16025728118930488
-0.96740048752791852	0.1612248801820565
-0.967001487762435	0.16219208136844296
-0.96660010201690738	0.16315888236199172
-0.96619633128171467	0.16412528077721755
-0.96579017655312138	0.16509127422962824
-0.96538163883327388	0.16605686033573092
-0.96497071913019827	0.16702203671303789
-0.96455741845779808	0.1679868009800726
-0.96414173783585166	0.16895115075637485
-0.96372367829000971	0.16991508366250763
-0.96330324085179242	0.17087859732006214
-0.96288042655858763	0.1718416893516643
-0.96245523645364728	0.17280435738098041
-0.96202767158608593	0.17376659903272249
-0.96159773301087714	0.17472841193265526
-0.96116542178885189	0.17568979370760063
-0.96073073898669503	0.176650741985445
-0.96029368567694307	0.17761125439514375
-0.95985426293798171	0.17857132856672817
-0.95941247185404288	0.17953096213131051
-0.95896831351520206	0.18049015272109045
-0.95852178901737584	0.18144889796936062
-0.95807289946231922	0.18240719551051229
-0.95762164595762223	0.18336504298004169
-0.95716802961670833	0.18432243801455522
-0.95671205155883043	0.18527937825177601
-0.95625371290906946	0.1862358613305489
-0.95579301479833012	0.18719188489084726
-0.95532995836333934	0.18814744657377772
-0.95486454474664295	0.18910254402158697
-0.95439677509660259	0.19005717487766707
-0.95392665056739356	0.19101133678656104
-0.9534541723190012	0.19196502739396953
-0.95297934151721886	0.1929182443467555
-0.95250215933364413	0.19387098529295094
-0.95202262694567663	0.19482324788176245
-0.95154074553651491	0.19577502976357661
-0.95105651629515353	0.19672632858996614
-0.95056994041637999	0.19767714201369582
-0.9500810191007717	0.19862746768872827
-0.94958975355469366	0.19957730327022902
-0.9490961449902946	0.20052664641457349
-0.9486001946255046	0.20147549477935156
-0.94810190368403202	0.20242384602337435
-0.94760127339536004	0.20337169780667955
-0.94709830499474423	0.204319047790537
-0.94659299972320921	0.20526589363745468
-0.9460853588275453	0.20621223301118466
-0.94557538356030613	0.20715806357672878
-0.94506307517980481	0.20810338300034389
-0.94454843495011143	0.20904818894954852
-0.94403146414104977	0.20999247909312763
-0.9435121640281936	0.21093625110113928
-0.94299053589286441	0.21187950264492009
-0.94246658102212788	0.21282223139709042
-0.94194030070879065	0.21376443503156067
-0.94141169625139687	0.21470611122353719
-0.94088076895422545	0.21564725764952769
-0.94034752012728695	0.21658787198734666
-0.93981195108631965	0.21752795191612204
-0.93927406315278705	0.21846749511629973
-0.93873385765387407	0.21940649926965045
-0.93819133592248416	0.22034496205927487
-0.93764649929723554	0.22128288116960926
-0.93709934912245885	0.22222025428643136
-0.9365498867481924	0.22315707909686619
-0.93599811353017992	0.22409335328939195
-0.93544403082986738	0.22502907455384477
-0.93488764001439828	0.22596424058142572
-0.93432894245661202	0.22689884906470539
-0.93376793953503923	0.22783289769763032
-0.93320463263389852	0.22876638417552847
-0.9326390231430941	0.22969930619511475
-0.93207111245821095	0.23063166145449651
-0.93150090198051227	0.2315634476531801
-0.93092839311693565	0.23249466249207579
-0.93035358728008999	0.23342530367350325
-0.92977648588825135	0.23435536890119812
-0.92919709036536025	0.23528485588031667
-0.92861540214101734	0.23621376231744237
-0.92803142265048055	0.23714208592059097
-0.92744515333466127	0.23806982439921615
-0.9268565956401208	0.23899697546421531
-0.92626575101906661	0.23992353682793555
-0.92567262092934921	0.24084950620417886
-0.92507720683445804	0.2417748813082076
-0.92447951020351815	0.24269965985675099
-0.92387953251128674	0.24362383956800965
-0.92327727523814895	0.24454741816166209
-0.92267273987011478	0.24547039335887005
-0.92206592789881514	0.24639276288228393
-0.92145684082149837	0.2473145244560484
-0.9208454801410263	0.24823567580580863
-0.92023184736587027	0.24915621465871532
-0.9196159440101086	0.2500761387434301
-0.91899777159342133	0.250995445790132
-0.91837733164108759	0.25191413353052194
-0.91775462568398114	0.2528321996978295
-0.91712965525856716	0.25374964202681771
-0.9165024219068979	0.25466645825378875
-0.91587292717660951	0.2555826461165896
-0.91524117262091753	0.25649820335461782
-0.91460715979861351	0.25741312770882713
-0.9139708902740612	0.25832741692173239
-0.91333236561719222	0.25924106873741609
-0.91269158740350276	0.26015408090153297
-0.91204855721404943	0.26106645116131638
-0.91140327663544518	0.26197817726558348
-0.91075574725985586	0.26288925696474058
-0.91010597068499566	0.26379968801078924
-0.90945394851412376	0.26470946815733126
-0.90879968235604003	0.26561859515957459
-0.90814317382508125	0.26652706677433868
-0.90748442454111689	0.26743488076006028
-0.9068234361295453	0.26834203487679842
-0.9061602102212899	0.26924852688624057
-0.90549474845279421	0.270154354551708
-0.90482705246601958	0.27105951563816061
-0.90415712390843894	0.27196400791220388
-0.90348496443303483	0.27286782914209257
-0.9028105756982937	0.2737709770977379
-0.90213395936820284	0.27467344955071199
-0.90145511711224557	0.27557524427425389
-0.90077405060539806	0.2764763590432745
-0.90009076152812395	0.27737679163436291
-0.89940525156637097	0.27827653982579131
-0.89871752241156722	0.27917560139752023
-0.89802757576061554	0.28007397413120483
-0.89733541331589117	0.28097165581019945
-0.89664103678523588	0.28186864421956398
-0.89594444788195471	0.28276493714606871
-0.89524564832481157	0.28366053237819988
-0.89454463983802501	0.28455542770616515
-0.89384142415126377	0.28544962092189941
-0.89313600299964246	0.28634310981906985
-0.89242837812371789	0.28723589219308121
-0.89171855126948385	0.28812796584108197
-0.89100652418836779	0.28901932856196882
-0.8902922986372257	0.28990997815639302
-0.8895758763783379	0.29079991242676539
-0.88885725917940539	0.29168912917726131
-0.88813644881354448	0.29257762621382699
-0.88741344705928327	0.29346540134418425
-0.88668825570055643	0.29435245237783625
-0.88596087652670186	0.29523877712607272
-0.88523131133245514	0.29612437340197545
-0.8844995619179461	0.29700923902042353
-0.88376563008869347	0.29789337179809927
-0.883029517655601	0.29877676955349286
-0.88229122643495328	0.29965943010690793
-0.88155075824841023	0.30054135128046766
-0.88080811492300359	0.30142253089811888
-0.88006329829113183	0.30230296678563878
-0.87931631019055623	0.30318265677063905
-0.87856715246439532	0.30406159868257243
-0.8778158269611217	0.30493979035273672
-0.87706233553455604	0.30581722961428154
-0.87630668004386358	0.30669391430221277
-0.87554886235354923	0.3075698422533979
-0.8747888843334527	0.30844501130657198
-0.87402674785874446	0.30931941930234219
-0.87326245480992015	0.3101930640831938
-0.87249600707279706	0.31106594349349526
-0.87172740653850878	0.31193805537950331
-0.87095665510350084	0.31280939758936849
-0.87018375466952569	0.31367996797314057
-0.86940870714363816	0.31454976438277377
-0.8686315144381912	0.31541878467213164
-0.86785217847083052	0.31628702669699343
-0.86707070116449003	0.31715448831505777
-0.86628708444738745	0.31802116738594965
-0.8655013302530189	0.31888706177122478
-0.86471344052015497	0.3197521693343745
-0.86392341719283527	0.32061648794083192
-0.86313126222036374	0.32148001545797683
-0.86233697755730387	0.32234274975514121
-0.86154056516347444	0.32320468870361352
-0.86074202700394353	0.32406583017664548
-0.85994136504902496	0.32492617204945573
-0.85913858127427245	0.32578571219923641
-0.85833367766047486	0.32664444850515778
-0.8575266561936522	0.32750237884837319
-0.85671751886504954	0.32835950111202472
-0.85590626767113298	0.32921581318124854
-0.855092904613584	0.33007131294317982
-0.85427743169929515	0.33092599828695773
-0.85345985094036481	0.33177986710373142
-0.85264016435409218	0.33263291728666411
-0.85181837396297255	0.33348514673093943
-0.85099448179469195	0.33433655333376605
-0.85016848988212212	0.33518713499438296
-0.84934040026331648	0.33603688961406392
-0.8485102149815037	0.33688581509612425
-0.84767793608508313	0.33773390934592484
-0.84684356562762064	0.33858117027087703
-0.8460071056678421	0.33942759578044912
-0.84516855826962956	0.34027318378617
-0.84432792550201508	0.34111793220163544
-0.84348520943917671	0.3419618389425127
-0.84264041216043217	0.34280490192654606
-0.84179353575023519	0.34364711907356088
-0.84094458229816904	0.34448848830547041
-0.8400935538989418	0.3453290075462796
-0.83924045265238167	0.34616867472209079
-0.83838528066343099	0.34700748776110885
-0.83752804004214165	0.34784544459364569
-0.83666873290366972	0.34868254315212638
-0.83580736136827027	0.34951878137109327
-0.83494392756129165	0.35035415718721191
-0.83407843361317113	0.35118866853927527
-0.83321088165942903	0.35202231336820966
-0.83234127384066336	0.3528550896170794
-0.83146961230254524	0.35368699523109171
-0.83059589919581256	0.35451802815760225
-0.82972013667626587	0.35534818634611998
-0.82884232690476189	0.35617746774831194
-0.82796247204720907	0.35700587031800879
-0.82708057427456172	0.35783339201120967
-0.82619663576281521	0.35866003078608677
-0.82531065869299958	0.35948578460299135
-0.82442264525117537	0.36031065142445784
-0.82353259762842745	0.36113462921520928
-0.8226405180208598	0.36195771594216264
-0.82174640862959025	0.3627799095744329
-0.82085027166074476	0.36360120808333929
-0.81995210932545237	0.36442160944240914
-0.81905192383983905	0.36524111162738393
-0.8181497174250234	0.36605971261622317
-0.81724549230710986	0.36687741038911043
-0.81633925071718394	0.36769420292845789
-0.81543099489130677	0.36851008821891101
-0.81452072707050938	0.3693250642473539
-0.81360844950078692	0.3701391290029144
-0.81269416443309395	0.37095228047696838
-0.81177787412333768	0.37176451666314564
-0.81085958083237342	0.37257583555733409
-0.80993928682599869	0.37338623515768488
-0.80901699437494745	0.37419571346461766
-0.80809270575488445	0.37500426848082524
-0.8071664232464002	0.37581189821127836
-0.80623814913500469	0.376618600663231
-0.80530788571112188	0.37742437384622513
-0.80437563527008449	0.37822921577209528
-0.80344140011212761	0.37903312445497428
-0.80250518254238368	0.37983609791129735
-0.80156698487087652	0.38063813415980707
-0.80062680941251563	0.38143923122155893
-0.79968465848709047	0.3822393871199255
-0.79874053441926485	0.38303859988060163
-0.79779443953857099	0.38383686753160923
-0.7968463761794039	0.38463418810330247
-0.79589634668101583	0.38543055962837175
-0.79494435338751002	0.38622598014184978
-0.79399039864783527	0.38702044768111543
-0.79303448481578021	0.38781396028589882
-0.792076614249967	0.38860651599828677
-0.79111678931384621	0.3893981128627268
-0.7901550123756903	0.39018874892603217
-0.78919128580858844	0.39097842223738705
-0.78822561199043994	0.39176713084835113
-0.78725799330394919	0.39255487281286428
-0.78628843213661892	0.39334164618725143
-0.78531693088074495	0.39412744903022756
-0.78434349193341002	0.3949122794029023
-0.78336811769647807	0.39569613536878473
-0.7823908105765881	0.39647901499378813
-0.78141157298514807	0.39726091634623478
-0.78043040733832969	0.3980418374968609
-0.77944731605706141	0.39882177651882117
-0.77846230156702345	0.39960073148769354
-0.77747536629864089	0.40037870048148422
-0.77648651268707858	0.40115568158063181
-0.77549574317223446	0.40193167286801285
-0.77450306019873383	0.40270667242894592
-0.77350846621592317	0.40348067835119678
-0.77251196367786434	0.40425368872498252
-0.77151355504332841	0.40502570164297691
-0.77051324277578914	0.40579671520031518
-0.76951102934341797	0.4065667274945976
-0.7685069172190766	0.40733573662589551
-0.76750090888031197	0.40810374069675537
-0.76649300680934984	0.40887073781220346
-0.76548321349308812	0.4096367260797506
-0.76447153142309154	0.41040170360939704
-0.76345796309558511	0.41116566851363651
-0.76244251101144789	0.4119286189074618
-0.76142517767620677	0.41269055290836854
-0.76040596560003093	0.41345146863636029
-0.75938487729772464	0.41421136421395316
-0.75836191528872177	0.41497023776618047
-0.75733708209707951	0.41572808742059697
-0.75631038025147201	0.4164849113072841
-0.75528181228518354	0.41724070755885423
-0.75425138073610376	0.41799547431045492
-0.75321908814672001	0.41874920969977458
-0.75218493706411138	0.41950191186704594
-0.7511489300399431	0.42025357895505117
-0.75011106963045948	0.42100420910912656
-0.74907135839647787	0.42175380047716682
-0.7480297989033825	0.42250235120962965
-0.74698639372111775	0.42324985945954047
-0.74594114542418211	0.42399632338249721
-0.744894056591622	0.42474174113667423
-0.743845129807025	0.42548611088282728
-0.7427943676585137	0.42622943078429815
-0.7417417727387392	0.42697169900701876
-0.74068734764487487	0.42771291371951597
-0.73963109497860968	0.42845307309291641
-0.73857301734614222	0.42919217530095022
-0.73751311735817393	0.42993021851995605
-0.73645139762990242	0.430667200928886
-0.73538786078101581	0.43140312070930892
-0.73432250943568556	0.43213797604541593
-0.73325534622255994	0.4328717651240247
-0.73218637377475837	0.43360448613458358
-0.73111559472986409	0.43433613726917614
-0.73004301172991781	0.43506671672252628
-0.72896862742141155	0.43579622269200141
-0.72789244445528167	0.43652465337761831
-0.72681446548690276	0.4372520069820468
-0.72573469317608086	0.43797828171061381
-0.72465313018704658	0.43870347577130897
-0.72356977918844934	0.43942758737478776
-0.72248464285334979	0.44015061473437705
-0.72139772385921419	0.44087255606607845
-0.72030902488790682	0.44159340958857368
-0.71921854862568457	0.44231317352322813
-0.71812629776318881	0.44303184609409607
-0.71703227499544009	0.44374942552792435
-0.7159364830218311	0.44446591005415681
-0.7148389245461193	0.44518129790493938
-0.7137396022764213	0.44589558731512347
-0.71263851892520536	0.4466087765222711
-0.71153567720928534	0.44732086376665858
-0.71043107984981335	0.4480318472912817
-0.70932472957227388	0.44874172534185908
-0.70821662910647598	0.44945049616683735
-0.70710678118654746	0.45015815801739489
-0.70599518855092791	0.45086470914744636
-0.70488185394236136	0.45157014781364718
-0.70376678010789051	0.45227447227539758
-0.70264996979884919	0.45297768079484696
-0.7015314257708557	0.45367977163689793
-0.70041115078380622	0.45438074306921161
-0.69928914760186822	0.4550805933622103
-0.69816541899347262	0.45577932078908312
-0.69703996773130827	0.45647692362578957
-0.69591279659231431	0.45717340015106395
-0.69478390835767345	0.45786874864641974
-0.69365330581280493	0.45856296739615376
-0.69252099174735848	0.45925605468735009
-0.69138696895520646	0.45994800880988462
-0.69025124023443707	0.46063882805642969
-0.68911380838734848	0.46132851072245723
-0.6879746762204404	0.46201705510624375
-0.68683384654440827	0.46270445950887473
-0.68569132217413586	0.46339072223424788
-0.68454710592868873	0.46407584158907828
-0.68340120063130627	0.46475981588290194
-0.68225360910939647	0.46544264342808028
-0.68110433419452687	0.46612432253980424
-0.67995337872241912	0.46680485153609846
-0.67880074553294167	0.46748422873782519
-0.67764643747010223	0.46816245246868876
-0.67649045738204117	0.46883952105523952
-0.67533280812102436	0.46951543282687797
-0.6741734925434365	0.47019018611585905
-0.67301251350977331	0.47086377925729633
-0.67184987388463524	0.47153621058916528
-0.67068557653672001	0.47220747845230865
-0.66951962433881551	0.47287758119043971
-0.66835202016779305	0.47354651715014667
-0.66718276690459966	0.47421428468089633
-0.66601186743425156	0.47488088213503882
-0.66483932464582696	0.4755463078678111
-0.66366514143245847	0.47621056023734143
-0.66248932069132649	0.47687363760465307
-0.66131186532365183	0.47753553833366852
-0.66013277823468863	0.47819626079121352
-0.65895206233371695	0.47885580334702116
-0.65776972053403593	0.47951416437373567
-0.65658575575295641	0.48017134224691665
-0.65540017091179381	0.48082733534504307
-0.65421296893586101	0.48148214204951717
-0.6530241527544608	0.48213576074466846
-0.65183372530087869	0.4827881898177579
-0.65064168951237644	0.48343942765898146
-0.64944804833018366	0.48408947266147456
-0.64825280469949131	0.48473832322131583
-0.64705596156944423	0.48538597773753089
-0.64585752189313406	0.48603243461209672
-0.64465748862759131	0.48667769224994523
-0.64345586473377892	0.4873217490589673
-0.64225265317658442	0.4879646034500168
-0.64104785692481248	0.48860625383691436
-0.63984147895117838	0.48924669863645154
-0.63863352223229974	0.48988593626839438
-0.63742398974868963	0.49052396515548768
-0.63621288448474933	0.49116078372345839
-0.63500020942876068	0.49179639040102024
-0.63378596757287853	0.4924307836198768
-0.63257016191312443	0.49306396181472573
-0.63135279544937772	0.49369592342326307
-0.63013387118536901	0.49432666688618626
-0.62891339212867303	0.49495619064719831
-0.62769136129070047	0.49558449315301223
-0.62646778168669082	0.49621157285335382
-0.62524265633570508	0.49683742820096632
-0.62401598826061855	0.49746205765161389
-0.62278778048811245	0.49808545966408552
-0.62155803604866766	0.49870763270019858
-0.62032675797655601	0.49932857522480295
-0.61909394930983397	0.49994828570578487
-0.61785961309033433	0.50056676261407007
-0.61662375236365896	0.50118400442362854
-0.61538637017917142	0.50180000961147719
-0.61414746958998923	0.50241477665768475
-0.61290705365297649	0.50302830404537435
-0.61166512542873597	0.50364059026072838
-0.61042168798160257	0.50425163379299121
-0.60917674437963409	0.50486143313447407
-0.60793029769460538	0.50546998678055732
-0.60668235100199963	0.50607729322969541
-0.60543290738100142	0.50668335098342032
-0.60418196991448836	0.50728815854634446
-0.60292954168902468	0.50789171442616554
-0.60167562579485234	0.50849401713366904
-0.60042022532588391	0.50909506518273329
-0.59916334337969579	0.50969485709033191
-0.59790498305751882	0.51029339137653795
-0.59664514746423214	0.51089066656452742
-0.59538383970835485	0.51148668118058338
-0.59412106290203859	0.51208143375409887
-0.59285682016105923	0.51267492281758109
-0.5915911146048104	0.51326714690665476
-0.59032394935629451	0.51385810456006586
-0.58905532754211598	0.51444779431968501
-0.58778525229247314	0.51503621473051142
-0.5865137267411501	0.51562336434067635
-0.58524075402551001	0.51620924170144633
-0.5839663372864865	0.51679384536722706
-0.58269047966857612	0.51737717389556748
-0.58141318431983047	0.51795922584716225
-0.58013445439184941	0.51853999978585608
-0.57885429303977143	0.5191194942786469
-0.57757270342226763	0.51969770789568981
-0.57628968870153285	0.52027463921030015
-0.57500525204327857	0.52085028679895706
-0.57371939661672433	0.5214246492413076
-0.57243212559459078	0.5219977251201694
-0.57114344215309121	0.52256951302153465
-0.56985334947192368	0.52314001153457379
-0.56856185073426391	0.52370921925163827
-0.56726894912675652	0.52427713476826454
-0.56597464783950757	0.52484375668317762
-0.56467895006607705	0.52540908359829441
-0.56338185900347026	0.5259731141187266
-0.56208337785213058	0.52653584685278521
-0.56078350981593106	0.52709728041198323
-0.55948225810216701	0.52765741341103878
-0.55817962592154735	0.52821624446787985
-0.55687561648818795	0.52877377220364596
-0.55557023301960218	0.52932999524269309
-0.55426347873669402	0.52988491221259604
-0.55295535686374986	0.53043852174415251
-0.55164587062843029	0.53099082247138574
-0.55033502326176231	0.53154181303154902
-0.54902281799813168	0.5320914920651274
-0.54770925807527449	0.53263985821584292
-0.54639434673426901	0.53318691013065644
-0.54507808721952855	0.5337326464597717
-0.54376048277879241	0.5342770658566387
-0.54244153666311867	0.53482016697795653
-0.54112125212687578	0.53536194848367735
-0.53979963242773465	0.53590240903700892
-0.53847668082666011	0.53644154730441873
-0.53715240058790426	0.53697936195563667
-0.53582679497899655	0.53751585166365856
-0.53449986727073728	0.53805101510474929
-0.53317162073718871	0.53858485095844622
-0.53184205865566669	0.53911735790756277
-0.53051118430673405	0.53964853463819062
-0.52917900097419057	0.54017837983970418
-0.52784551194506646	0.54070689220476298
-0.52651072050961301	0.54123407042931537
-0.52517462996129571	0.54175991321260142
-0.52383724359678496	0.54228441925715654
-0.5224985647159488	0.54280758726881384
-0.52115859662184438	0.54332941595670858
-0.51981734262070944	0.54384990403328026
-0.51847480602195506	0.54436905021427628
-0.51713099013815711	0.54488685321875496
-0.51578589828504751	0.54540331176908885
-0.51443953378150653	0.54591842459096795
-0.51309189994955473	0.54643219041340263
-0.51174300011434481	0.54694460796872657
-0.5103928376041531	0.54745567599260059
-0.50904141575037132	0.54796539322401494
-0.50768873788749835	0.54847375840529322
-0.50633480735313252	0.54898077028209491
-0.50497962748796299	0.54948642760341826
-0.50362320163576069	0.54999072912160452
-0.50226553314337241	0.55049367359233947
-0.50090662536070985	0.55099525977465791
-0.49954648164074295	0.55149548643094559
-0.49818510533949079	0.55199435232694327
-0.49682249981601456	0.55249185623174857
-0.49545866843240749	0.5529879969178203
-0.49409361455378836	0.55348277316098027
-0.49272734154829151	0.5539761837404179
-0.49135985278706013	0.55446822743869117
-0.48999115164423668	0.55495890304173123
-0.48862124149695491	0.55544820933884498
-0.48725012572533222	0.55593614512271761
-0.48587780771246053	0.55642270918941616
-0.484504290844398	0.5569079003383921
-0.48312957851016081	0.5573917173724845
-0.48175367410171532	0.55787415909792304
-0.48037658101396868	0.55835522432433049
-0.47899830264476101	0.55883491186472656
-0.47761884239485741	0.55931322053552979
-0.47623820366793906	0.55979014915656078
-0.47485638987059464	0.56026569655104597
-0.47347340441231212	0.56073986154561928
-0.47208925070547092	0.56121264297032569
-0.47070393216533252	0.56168403965862423
-0.4693174522100329	0.56215405044739009
-0.46792981426057328	0.56262267417691869
-0.46654102174081269	0.56308990969092731
-0.46515107807745842	0.56355575583655881
-0.4637599867000583	0.56402021146438441
-0.46236775104099165	0.56448327542840582
-0.46097437453546231	0.56494494658605865
-0.45957986062148787	0.56540522379821523
-0.45818421273989268	0.56586410592918746
-0.45678743433429947	0.56632159184672914
-0.45538952885112	0.56677768042203924
-0.45399049973954675	0.56723237052976483
-0.45259035045154533	0.56768566104800289
-0.45118908444184502	0.56813755085830431
-0.44978670516793023	0.56858803884567588
-0.4483832160900324	0.56903712389858319
-0.44697862067112115	0.56948480490895381
-0.44557292237689622	0.56993108077217891
-0.4441661246757786	0.57037595038711753
-0.44275823103890144	0.57081941265609781
-0.44134924494010264	0.57126146648492093
-0.43993916985591519	0.57170211078286304
-0.43852800926555924	0.57214134446267784
-0.43711576665093277	0.57257916644060025
-0.43570244549660486	0.57301557563634775
-0.43428804928980463	0.57345057097312413
-0.43287258152041386	0.57388415137762172
-0.43145604568095897	0.57431631578002396
-0.43003844526660118	0.57474706311400803
-0.42861978377512833	0.575176392316748
-0.42720006470694682	0.57560430232891635
-0.4257792915650726	0.57603079209468777
-0.42435746785512191	0.57645586056174136
-0.4229345970853034	0.57687950668126275
-0.42151068276640907	0.57730172940794733
-0.42008572841180614	0.57772252770000254
-0.41865973753742808	0.57814190051915015
-0.41723271366176518	0.57855984683062978
-0.41580466030585739	0.57897636560320032
-0.4143755809932842	0.57939145580914297
-0.41294547925015679	0.57980511642426402
-0.4115143586051086	0.58021734642789702
-0.41008222258928839	0.58062814480290548
-0.40864907473634904	0.58103751053568498
-0.40721491858244041	0.58144544261616671
-0.40577975766619995	0.58185194003781859
-0.40434359552874505	0.58225700179764839
-0.40290643571366264	0.5826606268962069
-0.40146828176700178	0.58306281433758911
-0.40002913723726469	0.58346356312943748
-0.39858900567539718	0.5838628722829442
-0.39714789063478073	0.58426074081285362
-0.39570579567122321	0.5846571677374649
-0.3942627243429509	0.5850521520786337
-0.3928186802105989	0.5854456928617755
-0.39137366683720248	0.5858377891158677
-0.3899276877881882	0.58622843987345175
-0.38848074663136611	0.58661764417063555
-0.38703284693691947	0.58700540104709631
-0.38558399227739637	0.58739170954608255
-0.38413418622770251	0.5877765687144163
-0.38268343236508978	0.58815997760249594
-0.38123173426914908	0.58854193526429788
-0.37977909552180106	0.58892244075738009
-0.37832551970728778	0.58930149314288272
-0.37687101041216259	0.58967909148553166
-0.37541557122528307	0.59005523485364053
-0.37395920573780034	0.5904299223191134
-0.37250191754315182	0.59080315295744557
-0.37104371023705113	0.59117492584772791
-0.36958458741747952	0.59154524007264764
-0.36812455268467781	0.59191409471849143
-0.36666360964113676	0.59228148887514664
-0.36520176189158782	0.59264742163610518
-0.36373901304299489	0.59301189209846428
-0.36227536670454569	0.59337489936292909
-0.3608108264876419	0.59373644253381541
-0.35934539600589066	0.59409652071905139
-0.35787907887509629	0.59445513303017983
-0.3564118787132507	0.59481227858236063
-0.35494379914052421	0.59516795649437249
-0.35347484377925709	0.59552216588861562
-0.35200501625395103	0.59587490589111358
-0.35053432019125891	0.59622617563151548
-0.34906275921997759	0.59657597424309805
-0.34759033697103692	0.59692430086276804
-0.34611705707749296	0.59727115463106406
-0.34464292317451711	0.59761653469215903
-0.34316793889938829	0.59796044019386208
-0.34169210789148319	0.59830287028762041
-0.34021543379226882	0.59864382412852168
-0.33873792024529142	0.5989833008752965
-0.33725957089616854	0.59932129969031955
-0.33578038939258065	0.59965781973961241
-0.33430037938426088	0.59999286019284515
-0.33281954452298662	0.60032642022333904
-0.33133788846257084	0.60065849900806767
-0.32985541485885284	0.60098909572765968
-0.32837212736968863	0.60131820956640059
-0.32688802965494262	0.60164583971223462
-0.3254031253764782	0.6019719853567671
-0.32391741819814934	0.60229664569526575
-0.32243091178579092	0.60261981992666391
-0.32094360980720937	0.6029415072535611
-0.31945551593217492	0.60326170688222558
-0.31796663383241103	0.60358041802259699
-0.31647696718158624	0.60389763988828704
-0.31498651965530461	0.6042133716965824
-0.31349529493109807	0.60452761266844601
-0.31200329668841487	0.60484036202851987
-0.31051052860861245	0.60515161900512571
-0.3090169943749474	0.60546138283026807
-0.30752269767256746	0.60576965273963534
-0.3060276421885007	0.60607642797260242
-0.30453183161164815	0.60638170777223155
-0.30303526963277388	0.60668549138527561
-0.30153795994449573	0.6069877780621783
-0.30003990624127636	0.60728856705707768
-0.29854111221941421	0.60758785762780643
-0.29704158157703481	0.60788564903589515
-0.29554131801408107	0.60818194054657293
-0.29404032523230406	0.60847673142877001
-0.29253860693525396	0.60877002095511923
-0.29103616682827188	0.60906180840195767
-0.28953300861847925	0.60935209304932902
-0.28802913601476898	0.60964087418098478
-0.2865245527277982	0.60992815108438592
-0.28501926246997611	0.61021392305070543
-0.28351326895545681	0.61049818937482947
-0.2820065759001294	0.61078094935535909
-0.28049918702160959	0.61106220229461206
-0.27899110603922922	0.6113419474986248
-0.27748233667402855	0.6116201842771537
-0.27597288264874564	0.61189691194367735
-0.27446274768780871	0.6121721298153977
-0.27295193551732533	0.61244583721324186
-0.27144044986507426	0.61271803346186426
-0.26992829446049621	0.61298871788964748
-0.26841547303468455	0.61325788982870477
-0.26690198932037562	0.61352554861488096
-0.26538784705193974	0.61379169358775498
-0.26387304996537292	0.61405632409064004
-0.26235760179828616	0.61431943947058709
-0.26084150628989672	0.61458103907838502
-0.25932476718102043	0.61484112226856258
-0.25780738821405985	0.61509968839939044
-0.25628937313299671	0.6153567368328825
-0.2547707256833821	0.61561226693479731
-0.25325144961232815	0.61586627807463956
-0.25173154866849701	0.61611876962566214
-0.25021102660209366	0.6163697409648673
-0.24868988716485468	0.61661919147300814
-0.2471681341100409	0.61686712053459025
-0.24564577119242642	0.61711352753787341
-0.24412280216829027	0.61735841187487273
-0.24259923079540729	0.61760177294136076
-0.24107506083303859	0.61784361013686784
-0.23955029604192188	0.61808392286468494
-0.23802494018426246	0.61832271053186438
-0.23649899702372471	0.61855997254922124
-0.23497247032542146	0.6187957083313349
-0.23344536385590539	0.6190299172965511
-0.23191768138316016	0.61926259886698232
-0.23038942667659054	0.6194937524685098
-0.22886060350701298	0.6197233775307851
-0.22733121564664638	0.61995147348723134
-0.22580126686910373	0.62017803977504438
-0.22427076094938109	0.62040307583519405
-0.22273970166385015	0.62062658111242686
-0.22120809279024703	0.62084855505526526
-0.21967593810766478	0.62106899711601082
-0.21814324139654262	0.62128790675074475
-0.2166100064386573	0.62150528341932909
-0.2150762370171132	0.62172112658540857
-0.21354193691633483	0.62193543571641174
-0.21200710992205465	0.62214821028355216
-0.21047175982130556	0.62235944976182944
-0.2089358904024117	0.62256915363003151
-0.20739950545497798	0.6227773213707346
-0.2058626087698813	0.6229839524703058
-0.20432520413926167	0.62318904641890327
-0.20278729535651244	0.62339260271047803
-0.20124888621627038	0.62359462084277539
-0.19970998051440716	0.62379510031733532
-0.19817058204801938	0.62399404063949504
-0.19663069461541996	0.62419144131838877
-0.19509032201612825	0.62438730186695024
-0.19354946805086012	0.62458162180191279
-0.19200813652151999	0.62477440064381129
-0.19046633123118994	0.62496563791698323
-0.18892405598412129	0.62515533314956961
-0.18738131458572446	0.6253434858735164
-0.18583811084256133	0.62553009562457518
-0.18429444856233332	0.62571516194230525
-0.18275033155387366	0.62589868437007368
-0.18120576362713733	0.62608066245505734
-0.17966074859319262	0.62626109574824307
-0.17811529026421008	0.62643998380442978
-0.17656939245345474	0.62661732618222921
-0.17502305897527598	0.62679312244406638
-0.17347629364509773	0.62696737215618148
-0.17192910027940966	0.62714007488863077
-0.17038148269575742	0.62731123021528756
-0.16883344471273376	0.62748083771384289
-0.1672849901499687	0.62764889696580728
-0.16573612282811978	0.62781540755651111
-0.1641868465688629	0.6279803690751059
-0.16263716519488364	0.62814378111456592
-0.16108708252986656	0.62830564327168781
-0.1595366023984861	0.62846595514709314
-0.15798572862639873	0.62862471634522787
-0.15643446504023087	0.62878192647436493
-0.15488281546757121	0.62893758514660369
-0.1533307837369606	0.62909169197787196
-0.15177837367788352	0.62924424658792644
-0.15022558912075701	0.62939524860035378
-0.14867243389692303	0.62954469764257159
-0.14711891183863729	0.62969259334582905
-0.14556502677906147	0.62983893534520852
-0.14401078255225228	0.62998372327962515
-0.1424561829931526	0.63012695679182962
-0.14090123193758253	0.63026863552840728
-0.13934593322222946	0.6304087591397799
-0.13779029068463813	0.63054732728020646
-0.13623430816320165	0.63068433960778392
-0.13467798949715262	0.63081979578444758
-0.13312133852655247	0.63095369547597324
-0.13156435909228251	0.63108603835197663
-0.13000705503603491	0.63121682408591473
-0.12844943020030283	0.6313460523550869
-0.1268914884283705	0.63147372284063508
-0.1253332335643042	0.63159983522754526
-0.12377466945294328	0.63172438920464724
-0.12221579993988936	0.63184738446461686
-0.12065662887149842	0.63196882070397531
-0.11909716009486963	0.63208869762309094
-0.11753739745783764	0.63220701492617926
-0.11597734480896146	0.6323237723213041
-0.11441700599751593	0.63243896952037815
-0.11285638487348153	0.63255260623916387
-0.11129548528753662	0.63266468219727379
-0.10973431109104531	0.63277519711817176
-0.10817286613604953	0.63288415072917326
-0.10661115427525993	0.63299154276144598
-0.10504917936204505	0.63309737295001056
-0.10348694525042251	0.63320164103374199
-0.1019244557950499	0.63330434675536873
-0.10036171485121485	0.63340548986147482
-0.098798726274825069	0.63350507010249968
-0.097235493922399482	0.63360308723273895
-0.095672021651058328	0.63369954101034509
-0.094108313318514228	0.63379443119732803
-0.092544372783062254	0.63388775755955562
-0.090980203903569798	0.63397951986675438
-0.089415810539468496	0.63406971789250977
-0.087851196550743249	0.63415835141426746
-0.08628636579792355	0.63424542021333263
-0.084721322142073271	0.63433092407487213
-0.083156069444782946	0.63441486278791337
-0.08159061156815757	0.63449723614534592
-0.080024952374808833	0.63457804394392192
-0.078459095727844944	0.63465728598425597
-0.076893045490861942	0.63473496207082625
-0.075326805527932694	0.63481107201197484
-0.073760379703598819	0.63488561561990786
-0.072193771882860538	0.63495859271069655
-0.070626985931166716	0.63503000310427693
-0.069060025714405934	0.63509984662445129
-0.067492895098896541	0.63516812309888748
-0.065925597951377743	0.63523483235912015
-0.06435813813899971	0.63529997424055074
-0.062790519529313457	0.63536354858244815
-0.061222745990261881	0.63542555522794908
-0.059654821390170761	0.63548599402405836
-0.05808674959773797	0.63554486482164907
-0.056518534482024339	0.63560216747546361
-0.054950179912445656	0.63565790184411319
-0.053381689758760481	0.63571206779007894
-0.051813067891062339	0.63576466517971153
-0.050244318179769536	0.63581569388323234
-0.048675444495616491	0.63586515377473307
-0.047106450709642617	0.63591304473217647
-0.045537340693184325	0.63595936663739616
-0.043968118317864832	0.63600411937609747
-0.042398787455584126	0.63604730283785749
-0.04082935197851012	0.63608891691612546
-0.03925981575906861	0.63612896150822262
-0.037690182669934416	0.63616743651534302
-0.036120456584021375	0.63620434184255337
-0.034550641374472342	0.6362396773987935
-0.032980740914650072	0.63627344309687628
-0.031410759078128334	0.63630563885348823
-0.029840699738681028	0.63633626458918968
-0.028270566770273047	0.63636532022841441
-0.0267003640470523	0.63639280569947088
-0.025130095443337469	0.6364187209345411
-0.02355976483361024	0.63644306586968202
-0.021989376092505071	0.63646584044482479
-0.020418933094800518	0.63648704460377559
-0.018848439715408113	0.63650667829421492
-0.017277899829364604	0.636524741467699
-0.015707317311820585	0.63654123407965857
-0.014136696038032743	0.63655615608939964
-0.012566039883352713	0.63656950746010377
-0.010995352723218204	0.63658128815882786
-0.0094246384331438636	0.63659149815650395
-0.0078539008887112891	0.63660013742794008
-0.006283143965559004	0.63660720595181963
-0.0047123715393733515	0.63661270371070178
-0.00314158748587959	0.63661663069102137
-0.0015707956808310032	0.63661898688308882
0	0.63661977228109068
0.0015707956808310032	0.63661898688308882
0.00314158748587959	0.63661663069102137
0.0047123715393733515	0.63661270371070178
0.006283143965559004	0.63660720595181963
0.0078539008887112891	0.63660013742794008
0.0094246384331440856	0.63659149815650395
0.010995352723218204	0.63658128815882786
0.012566039883352713	0.63656950746010377
0.014136696038032743	0.63655615608939964
0.015707317311820585	0.63654123407965857
0.017277899829364382	0.636524741467699
0.018848439715408335	0.63650667829421492
0.020418933094800518	0.63648704460377559
0.021989376092505071	0.63646584044482479
0.02355976483361024	0.63644306586968202
0.025130095443337469	0.6364187209345411
0.0267003640470523	0.63639280569947088
0.028270566770273269	0.63636532022841441
0.029840699738681028	0.63633626458918968
0.031410759078128334	0.63630563885348823
0.032980740914650072	0.63627344309687628
0.03455064137447212	0.6362396773987935
0.036120456584021375	0.63620434184255337
0.037690182669934638	0.63616743651534302
0.03925981575906861	0.63612896150822262
0.04082935197851012	0.63608891691612546
0.042398787455584126	0.63604730283785749
0.043968118317864832	0.63600411937609747
0.045537340693184325	0.63595936663739616
0.047106450709642839	0.63591304473217647
0.048675444495616491	0.63586515377473307
0.050244318179769536	0.63581569388323234
0.051813067891062117	0.63576466517971153
0.053381689758760481	0.63571206779007894
0.054950179912445656	0.63565790184411319
0.056518534482024561	0.63560216747546361
0.05808674959773797	0.63554486482164907
0.059654821390170761	0.63548599402405836
0.061222745990261881	0.63542555522794908
0.062790519529313235	0.63536354858244815
0.06435813813899971	0.63529997424055074
0.065925597951377965	0.63523483235912015
0.067492895098896541	0.63516812309888748
0.069060025714405712	0.63509984662445129
0.070626985931166716	0.63503000310427693
0.072193771882860538	0.63495859271069655
0.073760379703598819	0.63488561561990786
0.075326805527932916	0.63481107201197484
0.076893045490861942	0.63473496207082625
0.078459095727844944	0.63465728598425597
0.080024952374808611	0.63457804394392192
0.08159061156815757	0.63449723614534592
0.083156069444782946	0.63441486278791337
0.084721322142073494	0.63433092407487213
0.086286365797923328	0.63424542021333263
0.087851196550743249	0.63415835141426746
0.089415810539468496	0.63406971789250977
0.090980203903569798	0.63397951986675438
0.092544372783062254	0.63388775755955562
0.09410831331851445	0.63379443119732803
0.095672021651058328	0.63369954101034509
0.09723549392239926	0.63360308723273895
0.098798726274825069	0.63350507010249968
0.10036171485121485	0.63340548986147482
0.1019244557950499	0.63330434675536873
0.10348694525042251	0.63320164103374199
0.10504917936204505	0.63309737295001056
0.10661115427525993	0.63299154276144598
0.10817286613604953	0.63288415072917326
0.10973431109104531	0.63277519711817176
0.11129548528753662	0.63266468219727379
0.11285638487348175	0.63255260623916387
0.11441700599751572	0.63243896952037815
0.11597734480896146	0.6323237723213041
0.11753739745783764	0.63220701492617926
0.11909716009486963	0.63208869762309094
0.12065662887149819	0.63196882070397542
0.12221579993988958	0.63184738446461686
0.12377466945294328	0.63172438920464724
0.1253332335643042	0.63159983522754526
0.1268914884283705	0.63147372284063508
0.12844943020030283	0.6313460523550869
0.13000705503603491	0.63121682408591473
0.13156435909228251	0.63108603835197663
0.13312133852655247	0.63095369547597324
0.13467798949715262	0.63081979578444758
0.13623430816320165	0.63068433960778392
0.13779029068463813	0.63054732728020646
0.13934593322222946	0.6304087591397799
0.14090123193758275	0.63026863552840728
0.1424561829931526	0.63012695679182962
0.14401078255225228	0.62998372327962515
0.14556502677906147	0.62983893534520852
0.14711891183863729	0.62969259334582905
0.14867243389692281	0.62954469764257159
0.1502255891207572	0.62939524860035367
0.15177837367788352	0.62924424658792644
0.1533307837369606	0.62909169197787196
0.15488281546757121	0.62893758514660369
0.15643446504023087	0.62878192647436493
0.15798572862639873	0.62862471634522787
0.15953660239848633	0.62846595514709302
0.16108708252986656	0.62830564327168781
0.16263716519488364	0.62814378111456592
0.1641868465688629	0.6279803690751059
0.16573612282811956	0.62781540755651111
0.1672849901499687	0.62764889696580728
0.16883344471273398	0.62748083771384289
0.17038148269575742	0.62731123021528756
0.17192910027940966	0.62714007488863077
0.17347629364509773	0.62696737215618148
0.17502305897527598	0.62679312244406638
0.17656939245345474	0.62661732618222921
0.1781152902642103	0.62643998380442978
0.17966074859319262	0.62626109574824307
0.18120576362713733	0.62608066245505734
0.18275033155387344	0.62589868437007368
0.18429444856233332	0.62571516194230525
0.18583811084256133	0.62553009562457518
0.18738131458572466	0.6253434858735164
0.18892405598412129	0.62515533314956961
0.19046633123118994	0.62496563791698323
0.19200813652151999	0.62477440064381129
0.19354946805086012	0.62458162180191279
0.19509032201612825	0.62438730186695024
0.19663069461542018	0.62419144131838877
0.19817058204801938	0.62399404063949504
0.19970998051440694	0.62379510031733532
0.20124888621627038	0.62359462084277539
0.20278729535651244	0.62339260271047803
0.20432520413926167	0.62318904641890327
0.20586260876988152	0.6229839524703058
0.20739950545497798	0.6227773213707346
0.2089358904024117	0.62256915363003151
0.21047175982130556	0.62235944976182944
0.21200710992205465	0.62214821028355216
0.21354193691633483	0.62193543571641174
0.21507623701711343	0.62172112658540857
0.21661000643865708	0.6215052834193292
0.21814324139654262	0.62128790675074475
0.21967593810766478	0.62106899711601082
0.22120809279024703	0.62084855505526526
0.22273970166385015	0.62062658111242686
0.22427076094938131	0.62040307583519405
0.22580126686910373	0.62017803977504438
0.22733121564664638	0.61995147348723134
0.22886060350701298	0.6197233775307851
0.23038942667659054	0.6194937524685098
0.23191768138316016	0.61926259886698232
0.23344536385590539	0.6190299172965511
0.23497247032542146	0.6187957083313349
0.23649899702372471	0.61855997254922124
0.23802494018426246	0.61832271053186438
0.23955029604192188	0.61808392286468494
0.24107506083303859	0.61784361013686784
0.24259923079540749	0.61760177294136065
0.24412280216829027	0.61735841187487273
0.24564577119242642	0.61711352753787341
0.2471681341100409	0.61686712053459025
0.24868988716485468	0.61661919147300814
0.25021102660209343	0.6163697409648673
0.25173154866849723	0.61611876962566214
0.25325144961232815	0.61586627807463956
0.2547707256833821	0.61561226693479731
0.25628937313299671	0.6153567368328825
0.25780738821405985	0.61509968839939044
0.25932476718102043	0.61484112226856258
0.26084150628989694	0.61458103907838491
0.26235760179828616	0.61431943947058709
0.26387304996537292	0.61405632409064004
0.26538784705193974	0.61379169358775498
0.2669019893203754	0.61352554861488096
0.26841547303468455	0.61325788982870477
0.26992829446049643	0.61298871788964737
0.27144044986507426	0.61271803346186426
0.27295193551732533	0.61244583721324186
0.27446274768780871	0.6121721298153977
0.27597288264874564	0.61189691194367735
0.27748233667402833	0.6116201842771537
0.27899110603922939	0.6113419474986248
0.28049918702160959	0.61106220229461206
0.2820065759001294	0.61078094935535909
0.28351326895545664	0.61049818937482947
0.28501926246997611	0.61021392305070543
0.2865245527277982	0.60992815108438592
0.2880291360147692	0.60964087418098467
0.28953300861847925	0.60935209304932902
0.29103616682827188	0.60906180840195767
0.29253860693525396	0.60877002095511923
0.29404032523230383	0.60847673142877001
0.29554131801408107	0.60818194054657293
0.29704158157703503	0.60788564903589515
0.29854111221941421	0.60758785762780643
0.30003990624127613	0.60728856705707768
0.30153795994449573	0.6069877780621783
0.30303526963277388	0.60668549138527561
0.30453183161164815	0.60638170777223155
0.30602764218850087	0.60607642797260231
0.30752269767256746	0.60576965273963534
0.3090169943749474	0.60546138283026807
0.31051052860861222	0.60515161900512582
0.31200329668841487	0.60484036202851987
0.31349529493109807	0.60452761266844601
0.31498651965530483	0.6042133716965824
0.31647696718158608	0.60389763988828704
0.31796663383241103	0.60358041802259699
0.31945551593217492	0.60326170688222558
0.32094360980720937	0.6029415072535611
0.32243091178579092	0.60261981992666391
0.32391741819814951	0.60229664569526575
0.3254031253764782	0.6019719853567671
0.3268880296549424	0.60164583971223462
0.32837212736968863	0.60131820956640059
0.32985541485885284	0.60098909572765968
0.33133788846257084	0.60065849900806767
0.33281954452298662	0.60032642022333904
0.33430037938426088	0.59999286019284515
0.33578038939258065	0.59965781973961241
0.33725957089616854	0.59932129969031955
0.33873792024529142	0.5989833008752965
0.34021543379226882	0.59864382412852168
0.34169210789148335	0.59830287028762041
0.34316793889938813	0.59796044019386208
0.34464292317451711	0.59761653469215903
0.34611705707749296	0.59727115463106406
0.34759033697103692	0.59692430086276804
0.34906275921997759	0.59657597424309805
0.35053432019125913	0.59622617563151548
0.35200501625395103	0.59587490589111358
0.35347484377925709	0.59552216588861562
0.35494379914052421	0.59516795649437249
0.3564118787132507	0.59481227858236063
0.35787907887509629	0.59445513303017983
0.35934539600589066	0.59409652071905139
0.3608108264876419	0.59373644253381541
0.36227536670454569	0.59337489936292909
0.36373901304299489	0.59301189209846428
0.36520176189158782	0.59264742163610518
0.36666360964113676	0.59228148887514664
0.36812455268467803	0.59191409471849132
0.36958458741747952	0.59154524007264764
0.37104371023705113	0.59117492584772791
0.37250191754315182	0.59080315295744557
0.37395920573780034	0.5904299223191134
0.37541557122528291	0.59005523485364064
0.37687101041216281	0.58967909148553166
0.37832551970728778	0.58930149314288272
0.37977909552180106	0.58892244075738009
0.38123173426914908	0.58854193526429788
0.38268343236508978	0.58815997760249594
0.38413418622770251	0.5877765687144163
0.38558399227739654	0.58739170954608244
0.38703284693691947	0.58700540104709631
0.38848074663136611	0.58661764417063555
0.3899276877881882	0.58622843987345175
0.39137366683720226	0.5858377891158677
0.3928186802105989	0.5854456928617755
0.39426272434295107	0.5850521520786337
0.39570579567122321	0.5846571677374649
0.39714789063478073	0.58426074081285362
0.39858900567539718	0.5838628722829442
0.40002913723726469	0.58346356312943748
0.40146828176700178	0.58306281433758911
0.4029064357136628	0.5826606268962069
0.40434359552874505	0.58225700179764839
0.40577975766619995	0.58185194003781859
0.40721491858244019	0.58144544261616682
0.40864907473634904	0.58103751053568498
0.41008222258928839	0.58062814480290548
0.41151435860510882	0.58021734642789702
0.41294547925015679	0.57980511642426402
0.4143755809932842	0.57939145580914297
0.41580466030585739	0.57897636560320032
0.41723271366176518	0.57855984683062978
0.4186597375374283	0.57814190051915015
0.42008572841180636	0.57772252770000243
0.42151068276640907	0.57730172940794733
0.42293459708530318	0.57687950668126287
0.42435746785512207	0.57645586056174125
0.42577929156507277	0.57603079209468777
0.42720006470694705	0.57560430232891624
0.42861978377512833	0.575176392316748
0.43003844526660095	0.57474706311400814
0.43145604568095874	0.57431631578002407
0.43287258152041402	0.57388415137762172
0.43428804928980463	0.57345057097312413
0.43570244549660486	0.57301557563634775
0.43711576665093277	0.57257916644060025
0.43852800926555879	0.57214134446267795
0.43993916985591519	0.57170211078286304
0.44134924494010264	0.57126146648492093
0.44275823103890144	0.57081941265609781
0.44416612467577882	0.57037595038711741
0.44557292237689639	0.5699310807721788
0.44697862067112115	0.56948480490895381
0.44838321609003218	0.5690371238985833
0.4497867051679304	0.56858803884567577
0.45118908444184519	0.5681375508583042
0.4525903504515455	0.56768566104800289
0.45399049973954675	0.56723237052976483
0.45538952885111977	0.56677768042203935
0.4567874343342993	0.56632159184672914
0.4581842127398929	0.56586410592918734
0.45957986062148787	0.56540522379821523
0.46097437453546231	0.56494494658605865
0.46236775104099204	0.5644832754284056
0.46375998670005791	0.56402021146438452
0.46515107807745842	0.56355575583655881
0.46654102174081269	0.56308990969092731
0.46792981426057328	0.56262267417691869
0.46931745221003313	0.56215405044738997
0.47070393216533229	0.56168403965862423
0.47208925070547092	0.56121264297032569
0.47347340441231212	0.56073986154561928
0.47485638987059448	0.56026569655104608
0.47623820366793929	0.55979014915656067
0.47761884239485763	0.55931322053552968
0.47899830264476101	0.55883491186472656
0.48037658101396846	0.5583552243243306
0.4817536741017151	0.55787415909792315
0.48312957851016097	0.55739171737248439
0.484504290844398	0.5569079003383921
0.48587780771246053	0.55642270918941616
0.48725012572533222	0.55593614512271761
0.48862124149695513	0.55544820933884487
0.48999115164423629	0.55495890304173134
0.49135985278706013	0.55446822743869117
0.4927273415482919	0.55397618374041779
0.49409361455378814	0.55348277316098038
0.49545866843240766	0.55298799691782019
0.49682249981601417	0.55249185623174868
0.49818510533949079	0.55199435232694327
0.49954648164074311	0.55149548643094559
0.50090662536070973	0.55099525977465802
0.50226553314337263	0.55049367359233947
0.5036232016357608	0.54999072912160452
0.50497962748796277	0.54948642760341837
0.50633480735313241	0.54898077028209491
0.50768873788749846	0.54847375840529311
0.50904141575037132	0.54796539322401494
0.5103928376041531	0.54745567599260059
0.51174300011434481	0.54694460796872657
0.51309189994955462	0.54643219041340263
0.51443953378150653	0.54591842459096795
0.51578589828504751	0.54540331176908885
0.51713099013815711	0.54488685321875496
0.5184748060219555	0.54436905021427617
0.51981734262070922	0.54384990403328026
0.52115859662184438	0.54332941595670858
0.5224985647159488	0.54280758726881384
0.52383724359678496	0.54228441925715654
0.52517462996129594	0.54175991321260142
0.52651072050961278	0.54123407042931537
0.52784551194506646	0.54070689220476298
0.52917900097419057	0.54017837983970418
0.53051118430673394	0.53964853463819074
0.53184205865566692	0.53911735790756266
0.53317162073718871	0.53858485095844622
0.53449986727073728	0.53805101510474929
0.53582679497899655	0.53751585166365856
0.53715240058790448	0.53697936195563656
0.53847668082665989	0.53644154730441884
0.53979963242773465	0.53590240903700892
0.54112125212687578	0.53536194848367735
0.54244153666311867	0.53482016697795665
0.54376048277879263	0.53427706585663859
0.54507808721952833	0.53373264645977181
0.54639434673426912	0.53318691013065644
0.54770925807527482	0.53263985821584281
0.54902281799813157	0.53209149206512751
0.55033502326176242	0.5315418130315489
0.55164587062843029	0.53099082247138574
0.55295535686374986	0.53043852174415251
0.5542634787366939	0.52988491221259604
0.55557023301960207	0.5293299952426932
0.55687561648818806	0.52877377220364585
0.55817962592154746	0.52821624446787974
0.5594822581021669	0.52765741341103889
0.56078350981593095	0.52709728041198323
0.56208337785213069	0.52653584685278521
0.56338185900347038	0.52597311411872649
0.56467895006607705	0.52540908359829441
0.56597464783950791	0.52484375668317751
0.56726894912675629	0.52427713476826465
0.56856185073426402	0.52370921925163816
0.56985334947192345	0.5231400115345739
0.57114344215309121	0.52256951302153476
0.57243212559459111	0.52199772512016929
0.57371939661672422	0.5214246492413076
0.57500525204327857	0.52085028679895706
0.57628968870153285	0.52027463921030015
0.57757270342226752	0.51969770789568992
0.57885429303977154	0.51911949427864679
0.58013445439184952	0.51853999978585597
0.58141318431983058	0.51795922584716225
0.58269047966857601	0.51737717389556748
0.58396633728648639	0.51679384536722717
0.5852407540255099	0.51620924170144633
0.58651372674115021	0.51562336434067635
0.58778525229247314	0.51503621473051142
0.58905532754211598	0.51444779431968501
0.59032394935629473	0.51385810456006564
0.59159111460481006	0.51326714690665487
0.59285682016105923	0.51267492281758109
0.59412106290203881	0.51208143375409865
0.59538383970835485	0.51148668118058338
0.59664514746423236	0.51089066656452731
0.5979049830575186	0.51029339137653795
0.59916334337969579	0.50969485709033191
0.60042022532588391	0.50909506518273329
0.60167562579485212	0.50849401713366915
0.60292954168902479	0.50789171442616532
0.60418196991448847	0.50728815854634435
0.60543290738100131	0.50668335098342043
0.60668235100199952	0.50607729322969552
0.60793029769460549	0.50546998678055721
0.60917674437963421	0.50486143313447407
0.61042168798160257	0.50425163379299121
0.61166512542873641	0.50364059026072816
0.61290705365297637	0.50302830404537446
0.61414746958998945	0.50241477665768464
0.61538637017917119	0.50180000961147742
0.61662375236365896	0.50118400442362854
0.61785961309033455	0.50056676261406996
0.61909394930983375	0.49994828570578492
0.62032675797655612	0.49932857522480295
0.62155803604866766	0.49870763270019858
0.62278778048811245	0.49808545966408552
0.62401598826061877	0.49746205765161378
0.6252426563357053	0.49683742820096627
0.62646778168669082	0.49621157285335371
0.62769136129070047	0.49558449315301223
0.62891339212867303	0.49495619064719837
0.6301338711853689	0.49432666688618626
0.63135279544937783	0.49369592342326302
0.63257016191312443	0.49306396181472573
0.63378596757287853	0.4924307836198768
0.63500020942876079	0.49179639040102013
0.63621288448474911	0.49116078372345856
0.63742398974868975	0.49052396515548763
0.63863352223230008	0.48988593626839427
0.63984147895117838	0.48924669863645159
0.6410478569248127	0.48860625383691431
0.64225265317658409	0.48796460345001691
0.64345586473377892	0.48732174905896725
0.64465748862759131	0.48667769224994523
0.64585752189313395	0.48603243461209678
0.64705596156944445	0.48538597773753084
0.64825280469949143	0.48473832322131577
0.64944804833018366	0.48408947266147456
0.65064168951237633	0.48343942765898151
0.65183372530087891	0.48278818981775778
0.65302415275446091	0.48213576074466841
0.65421296893586112	0.48148214204951711
0.65540017091179381	0.48082733534504307
0.6565857557529563	0.48017134224691665
0.65776972053403604	0.47951416437373562
0.65895206233371661	0.47885580334702127
0.66013277823468863	0.47819626079121352
0.66131186532365216	0.47753553833366835
0.66248932069132638	0.47687363760465312
0.66366514143245858	0.47621056023734132
0.66483932464582696	0.47554630786781105
0.66601186743425156	0.47488088213503882
0.66718276690459988	0.47421428468089621
0.66835202016779283	0.47354651715014673
0.66951962433881562	0.47287758119043971
0.67068557653672001	0.47220747845230865
0.67184987388463524	0.47153621058916528
0.6730125135097732	0.47086377925729633
0.67417349254343661	0.470190186115859
0.67533280812102447	0.46951543282687791
0.67649045738204117	0.46883952105523952
0.67764643747010245	0.46816245246868859
0.67880074553294156	0.46748422873782525
0.67995337872241923	0.46680485153609841
0.68110433419452654	0.46612432253980446
0.68225360910939636	0.46544264342808034
0.6834012006313066	0.46475981588290183
0.6845471059286885	0.46407584158907839
0.68569132217413598	0.46339072223424782
0.68683384654440827	0.46270445950887473
0.68797467622044028	0.46201705510624386
0.68911380838734859	0.46132851072245706
0.69025124023443718	0.46063882805642958
0.69138696895520646	0.45994800880988462
0.69252099174735848	0.45925605468735009
0.69365330581280482	0.45856296739615382
0.69478390835767345	0.45786874864641974
0.69591279659231442	0.45717340015106395
0.69703996773130827	0.45647692362578957
0.69816541899347262	0.45577932078908312
0.69928914760186833	0.45508059336221013
0.70041115078380611	0.45438074306921172
0.7015314257708557	0.45367977163689793
0.70264996979884942	0.45297768079484674
0.7037667801078904	0.45227447227539769
0.70488185394236158	0.45157014781364713
0.70599518855092758	0.45086470914744659
0.70710678118654746	0.45015815801739489
0.7082166291064762	0.44945049616683724
0.70932472957227377	0.44874172534185924
0.71043107984981357	0.44803184729128165
0.71153567720928534	0.44732086376665858
0.71263851892520536	0.4466087765222711
0.71373960227642119	0.44589558731512347
0.71483892454611953	0.44518129790493927
0.71593648302183122	0.44446591005415675
0.7170322749954402	0.44374942552792435
0.7181262977631887	0.44303184609409613
0.71921854862568435	0.4423131735232283
0.72030902488790693	0.44159340958857357
0.72139772385921386	0.44087255606607861
0.72248464285334979	0.44015061473437705
0.72356977918844956	0.43942758737478765
0.72465313018704647	0.43870347577130908
0.72573469317608097	0.43797828171061376
0.72681446548690287	0.43725200698204675
0.72789244445528167	0.43652465337761842
0.72896862742141166	0.4357962226920013
0.73004301172991759	0.43506671672252634
0.73111559472986409	0.43433613726917614
0.73218637377475837	0.43360448613458358
0.73325534622255994	0.43287176512402475
0.73432250943568567	0.43213797604541582
0.73538786078101592	0.43140312070930881
0.73645139762990242	0.43066720092888594
0.73751311735817382	0.42993021851995605
0.73857301734614245	0.42919217530095
0.73963109497860946	0.42845307309291647
0.74068734764487487	0.42771291371951597
0.7417417727387392	0.42697169900701876
0.74279436765851359	0.42622943078429826
0.74384512980702522	0.42548611088282723
0.74489405659162178	0.42474174113667434
0.74594114542418211	0.42399632338249721
0.74698639372111797	0.4232498594595403
0.74802979890338239	0.42250235120962965
0.74907135839647809	0.42175380047716665
0.75011106963045959	0.4210042091091265
0.7511489300399431	0.42025357895505117
0.75218493706411127	0.419501911867046
0.75321908814671978	0.41874920969977464
0.75425138073610387	0.41799547431045486
0.75528181228518365	0.41724070755885412
0.7563103802514719	0.41648491130728416
0.75733708209707951	0.41572808742059703
0.75836191528872199	0.41497023776618042
0.75938487729772441	0.41421136421395338
0.76040596560003093	0.41345146863636029
0.76142517767620699	0.41269055290836831
0.76244251101144767	0.41192861890746185
0.76345796309558522	0.41116566851363645
0.76447153142309132	0.41040170360939721
0.76548321349308812	0.40963672607975066
0.76649300680935006	0.40887073781220334
0.76750090888031186	0.40810374069675548
0.76850691721907671	0.40733573662589545
0.76951102934341797	0.4065667274945976
0.77051324277578914	0.40579671520031518
0.77151355504332852	0.40502570164297685
0.77251196367786445	0.40425368872498241
0.77350846621592328	0.40348067835119672
0.77450306019873383	0.40270667242894598
0.77549574317223435	0.40193167286801296
0.77648651268707847	0.40115568158063192
0.777475366298641	0.40037870048148411
0.77846230156702345	0.39960073148769354
0.77944731605706141	0.39882177651882117
0.78043040733832991	0.39804183749686073
0.78141157298514796	0.39726091634623484
0.7823908105765881	0.39647901499378801
0.78336811769647841	0.39569613536878456
0.78434349193340991	0.39491227940290236
0.78531693088074506	0.39412744903022751
0.7862884321366187	0.39334164618725159
0.78725799330394919	0.39255487281286428
0.78822561199043994	0.39176713084835113
0.78919128580858833	0.3909784222373871
0.79015501237569041	0.39018874892603206
0.79111678931384621	0.38939811286272674
0.792076614249967	0.38860651599828677
0.79303448481578009	0.38781396028589893
0.79399039864783549	0.38702044768111526
0.79494435338750979	0.38622598014184989
0.79589634668101583	0.38543055962837175
0.7968463761794039	0.38463418810330247
0.79779443953857088	0.38383686753160934
0.79874053441926496	0.38303859988060152
0.79968465848709025	0.38223938711992561
0.80062680941251563	0.38143923122155893
0.80156698487087674	0.38063813415980685
0.80250518254238357	0.37983609791129735
0.80344140011212772	0.37903312445497422
0.80437563527008449	0.37822921577209528
0.80530788571112188	0.37742437384622513
0.80623814913500491	0.37661860066323088
0.80716642324640009	0.37581189821127842
0.80809270575488457	0.37500426848082519
0.80901699437494745	0.37419571346461766
0.80993928682599869	0.37338623515768499
0.81085958083237331	0.37257583555733409
0.81177787412333779	0.37176451666314558
0.81269416443309395	0.37095228047696832
0.81360844950078692	0.3701391290029144
0.81452072707050949	0.36932506424735378
0.81543099489130666	0.36851008821891118
0.81633925071718394	0.36769420292845784
0.81724549230710952	0.3668774103891107
0.8181497174250234	0.36605971261622322
0.81905192383983927	0.36524111162738371
0.81995210932545215	0.36442160944240931
0.82085027166074476	0.36360120808333923
0.82174640862959025	0.3627799095744329
0.82264051802085969	0.36195771594216269
0.82353259762842757	0.36113462921520917
0.82442264525117537	0.36031065142445778
0.82531065869299958	0.35948578460299135
0.8261966357628151	0.35866003078608683
0.82708057427456172	0.35783339201120973
0.82796247204720896	0.35700587031800901
0.82884232690476189	0.35617746774831188
0.82972013667626587	0.35534818634611998
0.83059589919581256	0.35451802815760231
0.83146961230254535	0.35368699523109154
0.83234127384066325	0.35285508961707951
0.83321088165942903	0.35202231336820966
0.83407843361317135	0.35118866853927505
0.83494392756129154	0.35035415718721202
0.83580736136827039	0.34951878137109316
0.83666873290366961	0.34868254315212655
0.83752804004214165	0.34784544459364569
0.83838528066343121	0.34700748776110862
0.83924045265238156	0.3461686747220909
0.84009355389894191	0.34532900754627949
0.84094458229816904	0.34448848830547041
0.84179353575023519	0.34364711907356088
0.84264041216043217	0.34280490192654606
0.84348520943917671	0.3419618389425127
0.84432792550201508	0.34111793220163544
0.84516855826962956	0.34027318378617
0.8460071056678421	0.33942759578044912
0.84684356562762053	0.3385811702708772
0.84767793608508324	0.33773390934592468
0.84851021498150347	0.33688581509612453
0.84934040026331648	0.33603688961406392
0.85016848988212235	0.33518713499438268
0.85099448179469173	0.33433655333376627
0.85181837396297255	0.33348514673093943
0.85264016435409218	0.33263291728666411
0.85345985094036481	0.33177986710373142
0.85427743169929526	0.33092599828695768
0.85509290461358389	0.33007131294317998
0.85590626767113298	0.32921581318124854
0.85671751886504954	0.32835950111202472
0.8575266561936522	0.32750237884837319
0.85833367766047475	0.32664444850515789
0.85913858127427245	0.32578571219923641
0.85994136504902496	0.32492617204945573
0.86074202700394353	0.32406583017664548
0.86154056516347455	0.32320468870361335
0.86233697755730376	0.32234274975514138
0.86313126222036374	0.32148001545797683
0.8639234171928355	0.32061648794083164
0.86471344052015497	0.3197521693343745
0.86550133025301901	0.31888706177122461
0.86628708444738722	0.31802116738594993
0.86707070116449003	0.31715448831505777
0.86785217847083063	0.31628702669699321
0.86863151443819109	0.31541878467213175
0.86940870714363827	0.3145497643827736
0.87018375466952569	0.31367996797314057
0.87095665510350084	0.31280939758936849
0.87172740653850878	0.31193805537950331
0.87249600707279718	0.3110659434934952
0.87326245480992015	0.3101930640831938
0.87402674785874446	0.30931941930234219
0.8747888843334527	0.30844501130657198
0.87554886235354912	0.30756984225339801
0.87630668004386369	0.30669391430221266
0.87706233553455581	0.30581722961428182
0.8778158269611217	0.30493979035273672
0.87856715246439554	0.30406159868257215
0.87931631019055612	0.30318265677063921
0.88006329829113195	0.30230296678563867
0.88080811492300359	0.30142253089811888
0.88155075824841023	0.30054135128046766
0.88229122643495339	0.29965943010690782
0.88302951765560089	0.29877676955349297
0.88376563008869347	0.29789337179809927
0.8844995619179461	0.29700923902042353
0.88523131133245514	0.29612437340197545
0.88596087652670175	0.29523877712607283
0.88668825570055654	0.29435245237783619
0.88741344705928327	0.29346540134418425
0.88813644881354448	0.29257762621382699
0.8888572591794055	0.29168912917726114
0.88957587637833779	0.29079991242676556
0.8902922986372257	0.28990997815639302
0.89100652418836779	0.28901932856196882
0.89171855126948385	0.28812796584108197
0.892428378123718	0.28723589219308104
0.89313600299964235	0.28634310981906996
0.89384142415126377	0.28544962092189941
0.89454463983802524	0.28455542770616488
0.89524564832481157	0.28366053237819988
0.89594444788195482	0.2827649371460686
0.89664103678523588	0.28186864421956398
0.89733541331589117	0.28097165581019945
0.89802757576061554	0.28007397413120483
0.8987175224115671	0.27917560139752035
0.89940525156637108	0.2782765398257912
0.90009076152812395	0.27737679163436291
0.90077405060539806	0.2764763590432745
0.90145511711224557	0.27557524427425389
0.90213395936820295	0.27467344955071188
0.90281057569829359	0.27377097709773801
0.90348496443303483	0.27286782914209257
0.90415712390843916	0.2719640079122036
0.90482705246601947	0.27105951563816072
0.90549474845279432	0.27015435455170789
0.90616021022128967	0.26924852688624085
0.9068234361295453	0.26834203487679842
0.907484424541117	0.26743488076006
0.90814317382508114	0.26652706677433879
0.90879968235604014	0.26561859515957448
0.90945394851412376	0.26470946815733126
0.91010597068499566	0.26379968801078924
0.91075574725985575	0.26288925696474075
0.91140327663544529	0.26197817726558331
0.91204855721404943	0.26106645116131638
0.91269158740350276	0.26015408090153297
0.91333236561719222	0.25924106873741609
0.91397089027406109	0.2583274169217325
0.91460715979861362	0.25741312770882702
0.91524117262091753	0.25649820335461782
0.91587292717660951	0.2555826461165896
0.91650242190689801	0.25466645825378847
0.91712965525856704	0.25374964202681788
0.91775462568398114	0.2528321996978295
0.9183773316410877	0.25191413353052167
0.91899777159342133	0.250995445790132
0.91961594401010871	0.25007613874342993
0.92023184736587016	0.24915621465871546
0.9208454801410263	0.24823567580580863
0.92145684082149837	0.2473145244560484
0.92206592789881514	0.24639276288228393
0.92267273987011489	0.24547039335886994
0.92327727523814895	0.24454741816166209
0.92387953251128674	0.24362383956800965
0.92447951020351815	0.24269965985675099
0.92507720683445815	0.24177488130820746
0.9256726209293491	0.24084950620417894
0.92626575101906661	0.23992353682793555
0.9268565956401208	0.23899697546421531
0.92744515333466127	0.23806982439921615
0.92803142265048066	0.23714208592059086
0.92861540214101723	0.23621376231744262
0.92919709036536025	0.23528485588031667
0.92977648588825157	0.23435536890119787
0.93035358728008988	0.23342530367350339
0.93092839311693576	0.23249466249207565
0.93150090198051227	0.2315634476531801
0.93207111245821095	0.23063166145449651
0.9326390231430941	0.22969930619511475
0.93320463263389852	0.22876638417552861
0.93376793953503923	0.22783289769763032
0.93432894245661202	0.22689884906470539
0.93488764001439828	0.22596424058142572
0.93544403082986727	0.22502907455384488
0.93599811353018003	0.22409335328939181
0.9365498867481924	0.22315707909686619
0.93709934912245885	0.22222025428643136
0.93764649929723576	0.22128288116960901
0.93819133592248405	0.22034496205927501
0.93873385765387407	0.21940649926965045
0.93927406315278694	0.21846749511629998
0.93981195108631965	0.21752795191612204
0.94034752012728706	0.21658787198734653
0.94088076895422534	0.21564725764952783
0.94141169625139687	0.21470611122353719
0.94194030070879065	0.21376443503156067
0.94246658102212788	0.21282223139709042
0.94299053589286452	0.21187950264491995
0.9435121640281936	0.21093625110113928
0.94403146414104977	0.20999247909312763
0.94454843495011143	0.20904818894954852
0.94506307517980481	0.20810338300034403
0.94557538356030602	0.20715806357672892
0.9460853588275453	0.20621223301118466
0.94659299972320921	0.20526589363745468
0.94709830499474423	0.204319047790537
0.94760127339536016	0.20337169780667941
0.94810190368403191	0.20242384602337463
0.9486001946255046	0.20147549477935156
0.94909614499029471	0.20052664641457324
0.94958975355469355	0.19957730327022913
0.95008101910077181	0.19862746768872813
0.95056994041637988	0.1976771420136961
0.95105651629515353	0.19672632858996614
0.95154074553651491	0.19577502976357661
0.95202262694567652	0.19482324788176256
0.95250215933364413	0.19387098529295094
0.95297934151721886	0.1929182443467555
0.9534541723190012	0.19196502739396953
0.95392665056739345	0.19101133678656118
0.9543967750966027	0.19005717487766693
0.95486454474664295	0.18910254402158697
0.95532995836333934	0.18814744657377772
0.95579301479833012	0.18719188489084726
0.95625371290906935	0.18623586133054904
0.95671205155883055	0.18527937825177584
0.9571680296167081	0.18432243801455547
0.95762164595762223	0.18336504298004169
0.95807289946231922	0.18240719551051215
0.95852178901737584	0.18144889796936076
0.95896831351520206	0.18049015272109045
0.95941247185404288	0.17953096213131051
0.95985426293798171	0.17857132856672817
0.96029368567694318	0.17761125439514361
0.96073073898669492	0.17665074198544514
0.96116542178885189	0.17568979370760063
0.96159773301087714	0.17472841193265526
0.96202767158608582	0.17376659903272262
0.96245523645364717	0.17280435738098057
0.96288042655858763	0.1718416893516643
0.96330324085179242	0.17087859732006214
0.96372367829000971	0.16991508366250763
0.96414173783585178	0.16895115075637468
0.96455741845779797	0.16798680098007274
0.96497071913019827	0.16702203671303789
0.96538163883327388	0.16605686033573092
0.96579017655312138	0.16509127422962824
0.96619633128171478	0.16412528077721741
0.96660010201690727	0.16315888236199202
0.967001487762435	0.16219208136844296
0.96740048752791852	0.1612248801820565
0.96779710032886546	0.16025728118930502
0.96819132518667328	0.15928928677764267
0.96858316112863108	0.15832089933549995
0.96897260718792289	0.15735212125227635
0.96935966240362925	0.15638295491833545
0.96974432582072978	0.15541340272499887
0.97012659649010591	0.15444346706453999
0.97050647346854246	0.15347315033017914
0.97088395581873099	0.1525024549160762
0.97125904260927121	0.15153138321732557
0.97163173291467397	0.15055993762994985
0.97200202581536255	0.14958812055089532
0.97236992039767656	0.1486159343780229
0.97273541575387246	0.14764338151010584
0.97309851098212652	0.14667046434682227
0.97345920518653783	0.14569718528874748
0.97381749747712876	0.14472354673735185
0.97417338696984934	0.14374955109499063
0.97452687278657724	0.14277520076490183
0.97487795405512112	0.14180049815119852
0.97522662990922337	0.14082544565886149
0.97557289948856074	0.13985004569373657
0.97591676193874732	0.13887430066252598
0.97625821641133692	0.13789821297278362
0.97659726206382458	0.13692178503290856
0.9769338980596487	0.13594501925214014
0.97726812356819348	0.13496791804055067
0.97759993776479059	0.13399048380904013
0.97792933983072172	0.13301271896933042
0.97825632895322001	0.13203462593395882
0.97858090432547207	0.13105620711627314
0.97890306514662062	0.13007746493042432
0.97922281062176586	0.12909840179136112
0.97954013996196732	0.12811902011482534
0.97985505238424686	0.12713932231734282
0.98016754711158904	0.12615931081622131
0.98047762337294442	0.1251789880295415
0.98078528040323043	0.12419835637615212
0.98109051744333398	0.12321741827566512
0.98139333374011328	0.12223617614844666
0.9816937285463988	0.12125463241561496
0.98199170112099654	0.12027278949903135
0.98228725072868872	0.11929064982129535
0.9825803766402359	0.11830821580573951
0.98287107813237917	0.11732548987642184
0.98315935448784153	0.1163424744581209
0.98344520499532972	0.11535917197632922
0.98372862894953583	0.11437558485724875
0.9840096256511397	0.11339171552778182
0.98428819440680981	0.11240756641552906
0.98456433452920533	0.11142313994878027
0.98483804533697816	0.11043843855650962
0.98510932615477387	0.10945346466837076
0.98537817631323421	0.10846822071468772
0.98564459514899805	0.10748270912645257
0.98590858200470333	0.10649693233531773
0.98617013622898886	0.10551089277358837
0.98642925717649543	0.1045245928742199
0.98668594420786804	0.103538035070809
0.98694019668975685	0.10255122179758897
0.98719201399481915	0.10156415548942345
0.98744139550172083	0.10057683858180018
0.98768834059513777	0.09958927351082604
0.98793284866575737	0.098601462713219415
0.98817491911028044	0.097613408626305187
0.98841455133142231	0.096625113688008385
0.98865174473791406	0.095636580336849047
0.98888649874450452	0.094647811011934674
0.9891188127719619	0.09365880815295502
0.98934868624707384	0.092669574200177157
0.98957611860265093	0.091680111594436411
0.98980110927752618	0.090690422777134502
0.99002365771655754	0.089700510190229094
0.99024376337062892	0.08871037627623167
0.99046142569665119	0.087720023478199793
0.99067664415756451	0.0867294542397294
0.99088941822233867	0.085738671004952444
0.99109974736597473	0.08474767621852787
0.99130763106950659	0.083756472325636433
0.99151306882000168	0.08276506177197579
0.9917160601105629	0.081773447003752678
0.99191660444032925	0.080781630467677931
0.99211470131447776	0.079789614610960263
0.99231035024422398	0.078797401881300203
0.99250355074682373	0.07780499472688375
0.99269430234557376	0.076812395596377439
0.9928826045698137	0.075819606938920675
0.99306845695492629	0.074826631204120544
0.99325185904233937	0.073833470842046764
0.99343281037952658	0.072840128303222673
0.9936113105200084	0.071846606038622848
0.99378735902335347	0.070852906499665219
0.99396095545517971	0.06985903213820352
0.99413209938715508	0.068864985406524803
0.99430079039699892	0.067870768757340244
0.99446702806848297	0.066876384643780609
0.99463081199143233	0.06588183551938985
0.99479214176172648	0.064887123838118801
0.99495101698130017	0.063892252054320184
0.99510743725814454	0.062897222622740973
0.99526140220630832	0.06190203799851738
0.99541291144589816	0.060906700637168229
0.99556196460308	0.059911212994590096
0.99570856131008012	0.058915577527049498
0.99585270120518576	0.057919796691177694
0.99599438393274575	0.056923872943965753
0.9961336091431725	0.055927808742755408
0.99627037649294126	0.054931606545237162
0.99640468564459239	0.053935268809439788
0.99653653626673144	0.052938797993728186
0.99666592803402987	0.051942196556795578
0.99679286062722661	0.050945466957655831
0.99691733373312796	0.049948611655640976
0.99703934704460895	0.04895163311039212
0.99715890026061393	0.047954533781854401
0.99727599308615711	0.046957316130271896
0.99739062523232369	0.045959982616179722
0.99750279641627004	0.044962535700399195
0.99761250636122523	0.04396497784403141
0.99771975479649055	0.042967311508451234
0.99782454145744148	0.041969539155300876
0.99792686608552705	0.040971663246485004
0.99802672842827156	0.039973686244162955
0.99812412823927465	0.038975610610743464
0.9982190652782118	0.03797743880887982
0.99831153931083538	0.036979173301460576
0.99840155010897502	0.035980816551607196
0.99848909745053793	0.034982371022666291
0.9985741811195098	0.033983839178201823
0.99865680090595499	0.032985223481992967
0.99873695660601747	0.031986526398023581
0.9988146480219211	0.030987750390480275
0.99888987496197001	0.029988897923743284
0.99896263724054912	0.028989971462381487
0.99903293467812471	0.0279909734711472
0.99910076710124496	0.026991906414968368
0.99916613434254009	0.025992772758943652
0.9992290362407229	0.024993574968335725
0.9992894726405892	0.023994315508566393
0.99934744339301829	0.022994996845208743
0.9994029483549729	0.021995621443982247
0.99945598738950014	0.02099619177074636
0.9995065603657316	0.01999671029149416
0.99955466715888319	0.018997179472347699
0.99960030765025654	0.017997601779548778
0.99964348172723805	0.016997979679456553
0.99968418928329994	0.015998315638539751
0.99972243021800056	0.014998612123368896
0.99975820443698404	0.013998871600613876
0.99979151185198112	0.012999096537034769
0.99982235238080897	0.011999289399476877
0.99985072594737179	0.010999452654865769
0.99987663248166059	0.0099995887701980948
0.9999000719197535	0.0089997002125394403
0.99992104420381611	0.0079997894490151465
0.99993954928210138	0.0069998589468056229
0.99995558710894983	0.0059999111731397015
0.99996915764478966	0.0049999485952896749
0.99998026085613712	0.0039999736805635218
0.99998889671559599	0.0029999888962996529
0.99999506520185821	0.0019999967098619687
0.99999876629970352	0.00099999958863065171
1	0
1.0009999999999999	0
1.002	0
1.0029999999999999	0
1.004	0
1.0049999999999999	0
1.006	0
1.0069999999999999	0
1.008	0
1.0089999999999999	0
1.01	0
1.0109999999999999	0
1.012	0
1.0129999999999999	0
1.014	0
1.0149999999999999	0
1.016	0
1.0169999999999999	0
1.018	0
1.0189999999999999	0
1.02	0
1.0209999999999999	0
1.022	0
1.0229999999999999	0
1.024	0
1.0249999999999999	0
1.026	0
1.0269999999999999	0
1.028	0
1.0289999999999999	0
1.03	0
1.0309999999999999	0
1.032	0
1.0329999999999999	0
1.034	0
1.0349999999999999	0
1.036	0
1.0369999999999999	0
1.038	0
1.0389999999999999	0
1.04	0
1.0409999999999999	0
1.042	0
1.0429999999999999	0
1.044	0
1.0449999999999999	0
1.046	0
1.0469999999999999	0
1.048	0
1.0489999999999999	0
1.05	0
1.0509999999999999	0
1.052	0
1.0529999999999999	0
1.054	0
1.0549999999999999	0
1.056	0
1.0569999999999999	0
1.0580000000000001	0
1.0589999999999999	0
1.0600000000000001	0
1.0609999999999999	0
1.0620000000000001	0
1.0629999999999999	0
1.0640000000000001	0
1.0649999999999999	0
1.0660000000000001	0
1.0669999999999999	0
1.0680000000000001	0
1.069	0
1.0700000000000001	0
1.071	0
1.0720000000000001	0
1.073	0
1.0740000000000001	0
1.075	0
1.0760000000000001	0
1.077	0
1.0780000000000001	0
1.079	0
1.0800000000000001	0
1.081	0
1.0820000000000001	0
1.083	0
1.0840000000000001	0
1.085	0
1.0860000000000001	0
1.087	0
1.0880000000000001	0
1.089	0
1.0900000000000001	0
1.091	0
1.0920000000000001	0
1.093	0
1.0940000000000001	0
1.095	0
1.0960000000000001	0
1.097	0
1.0980000000000001	0
1.099	0
1.1000000000000001	0
1.101	0
1.1020000000000001	0
1.103	0
1.1040000000000001	0
1.105	0
1.1060000000000001	0
1.107	0
1.1080000000000001	0
1.109	0
1.1100000000000001	0
1.111	0
1.1120000000000001	0
1.113	0
1.1140000000000001	0
1.115	0
1.1160000000000001	0
1.117	0
1.1180000000000001	0
1.119	0
1.1200000000000001	0
1.121	0
1.1220000000000001	0
1.123	0
1.1240000000000001	0
1.125	0
1.1259999999999999	0
1.127	0
1.1279999999999999	0
1.129	0
1.1299999999999999	0
1.131	0
1.1319999999999999	0
1.133	0
1.1339999999999999	0
1.135	0
1.1359999999999999	0
1.137	0
1.1379999999999999	0
1.139	0
1.1399999999999999	0
1.141	0
1.1419999999999999	0
1.143	0
1.1439999999999999	0
1.145	0
1.1459999999999999	0
1.147	0
1.1479999999999999	0
1.149	0
1.1499999999999999	0
1.151	0
1.1519999999999999	0
1.153	0
1.1539999999999999	0
1.155	0
1.1559999999999999	0
1.157	0
1.1579999999999999	0
1.159	0
1.1599999999999999	0
1.161	0
1.1619999999999999	0
1.163	0
1.1639999999999999	0
1.165	0
1.1659999999999999	0
1.167	0
1.1679999999999999	0
1.169	0
1.1699999999999999	0
1.171	0
1.1719999999999999	0
1.173	0
1.1739999999999999	0
1.175	0
1.1759999999999999	0
1.177	0
1.1779999999999999	0
1.179	0
1.1799999999999999	0
1.181	0
1.1819999999999999	0
1.1830000000000001	0
1.1839999999999999	0
1.1850000000000001	0
1.1859999999999999	0
1.1870000000000001	0
1.1879999999999999	0
1.1890000000000001	0
1.1899999999999999	0
1.1910000000000001	0
1.1919999999999999	0
1.1930000000000001	0
1.194	0
1.1950000000000001	0
1.196	0
1.1970000000000001	0
1.198	0
1.1990000000000001	0
1.2	0
1.2010000000000001	0
1.202	0
1.2030000000000001	0
1.204	0
1.2050000000000001	0
1.206	0
1.2070000000000001	0
1.208	0
1.2090000000000001	0
1.21	0
1.2110000000000001	0
1.212	0
1.2130000000000001	0
1.214	0
1.2150000000000001	0
1.216	0
1.2170000000000001	0
1.218	0
1.2190000000000001	0
1.22	0
1.2210000000000001	0
1.222	0
1.2230000000000001	0
1.224	0
1.2250000000000001	0
1.226	0
1.2270000000000001	0
1.228	0
1.2290000000000001	0
1.23	0
1.2310000000000001	0
1.232	0
1.2330000000000001	0
1.234	0
1.2350000000000001	0
1.236	0
1.2370000000000001	0
1.238	0
1.2390000000000001	0
1.24	0
1.2410000000000001	0
1.242	0
1.2430000000000001	0
1.244	0
1.2450000000000001	0
1.246	0
1.2470000000000001	0
1.248	0
1.2490000000000001	0
1.25	0
1.2509999999999999	0
1.252	0
1.2529999999999999	0
1.254	0
1.2549999999999999	0
1.256	0
1.2569999999999999	0
1.258	0
1.2589999999999999	0
1.26	0
1.2609999999999999	0
1.262	0
1.2629999999999999	0
1.264	0
1.2649999999999999	0
1.266	0
1.2669999999999999	0
1.268	0
1.2689999999999999	0
1.27	0
1.2709999999999999	0
1.272	0
1.2729999999999999	0
1.274	0
1.2749999999999999	0
1.276	0
1.2769999999999999	0
1.278	0
1.2789999999999999	0
1.28	0
1.2809999999999999	0
1.282	0
1.2829999999999999	0
1.284	0
1.2849999999999999	0
1.286	0
1.2869999999999999	0
1.288	0
1.2889999999999999	0
1.29	0
1.2909999999999999	0
1.292	0
1.2929999999999999	0
1.294	0
1.2949999999999999	0
1.296	0
1.2969999999999999	0
1.298	0
1.2989999999999999	0
1.3	0
