1 0.5
1.015625 0.5054020299718787
1.03125 0.5107768852655776
1.046875 0.516123333504535
1.0625 0.5214401186893101
1.078125 0.5267259608366426
1.09375 0.5319795556081944
1.109375 0.5371995739234028
1.125 0.5423846615827378
1.140625 0.5475334388719152
1.15625 0.552644500176863
1.171875 0.5577164135731034
1.1875 0.562747720419457
1.203125 0.5677369349568658
1.21875 0.572682543877431
1.234375 0.5775830059108059
1.25 0.582436751386649
1.265625 0.5872421818084302
1.28125 0.5919976693993119
1.296875 0.5967015566661013
1.3125 0.6013521559416607
1.328125 0.6059477489149729
1.34375 0.6104865861764625
1.359375 0.6149668867338877
1.375 0.6193868375473202
1.390625 0.6237445930268545
1.40625 0.6280382745384188
1.421875 0.6322659699224759
1.4375 0.6364257329630848
1.453125 0.6405155828875838
1.46875 0.6445335038266388
1.484375 0.6484774443175694
1.5 0.6523453167486688
1.515625 0.6561349967920398
1.53125 0.6598443228967213
1.546875 0.6634710957094168
1.5625 0.6670130774790965
1.578125 0.6704679915525257
1.59375 0.6738335217001439
1.609375 0.677107311611076
1.625 0.6802869642327818
1.640625 0.683370041203418
1.65625 0.686354062200867
1.671875 0.6892365043440545
1.6875 0.6920148015796249
1.703125 0.6946863439719533
1.71875 0.6972484770860835
1.734375 0.6996985014251473
1.75 0.7020336715535527
1.765625 0.7042511956466326
1.78125 0.7063482345893363
1.796875 0.7083219014623552
1.8125 0.7101692607443907
1.828125 0.7118873276131662
1.84375 0.7134730672189794
1.859375 0.7149233939142161
1.875 0.7162351705684253
1.890625 0.7174052078011852
1.90625 0.7184302631790812
1.921875 0.7193070404429771
1.9375 0.7200321888112573
1.953125 0.7206023019946295
1.96875 0.7210139176288899
1.984375 0.7212635162031337
2 0.7213475204387245
2.015625 0.7213475204504661
2.03125 0.7213475204543877
2.046875 0.7213475204535519
2.0625 0.7213475204590587
2.078125 0.7213475204603005
2.09375 0.7213475204631234
2.109375 0.7213475204394836
2.125 0.7213475204299943
2.140625 0.7213475204500912
2.15625 0.7213475204629215
2.171875 0.7213475204807351
2.1875 0.7213475204567185
2.203125 0.7213475204561671
2.21875 0.7213475204759214
2.234375 0.7213475204791368
2.25 0.7213475204445216
2.265625 0.7213475204576464
2.28125 0.7213475204494466
2.296875 0.7213475204413412
2.3125 0.7213475204745956
2.328125 0.7213475204569663
2.34375 0.7213475204701405
2.359375 0.7213475204624876
2.375 0.7213475204528997
2.390625 0.7213475204341239
2.40625 0.72134752045234
2.421875 0.7213475204527761
2.4375 0.7213475204597739
2.453125 0.7213475204636584
2.46875 0.7213475204447731
2.484375 0.7213475204367807
2.5 0.721347520459511
2.515625 0.7213475204380971
2.53125 0.7213475204527086
2.546875 0.7213475204357489
2.5625 0.7213466548571764
2.578125 0.7213379770887101
2.59375 0.721309011811514
2.609375 0.7212451717414189
2.625 0.7211299985807004
2.640625 0.7209447039217152
2.65625 0.7206679495171193
2.671875 0.72027564608609
2.6875 0.7197406067623194
2.703125 0.7190321157132378
2.71875 0.7181156481651526
2.734375 0.7169524914671935
2.75 0.7154991481899776
2.765625 0.7137069696137621
2.78125 0.7115215767324672
2.796875 0.7088820987642391
2.8125 0.7057208546476909
2.828125 0.7019623139822168
2.84375 0.6975225222957773
2.859375 0.6923080091540488
2.875 0.6862150804554247
2.890625 0.6791286672893089
2.90625 0.6709211371745022
2.921875 0.6614511859431322
2.9375 0.650659054437113
2.953125 0.6415858670599638
2.96875 0.6351057721839198
2.984375 0.630299894240863
3 0.6266553320857444
3.015625 0.6238546594662746
3.03125 0.6216877764102695
3.046875 0.6200089986005162
3.0625 0.6187130008457339
3.078125 0.617721518412876
3.09375 0.616974935425776
3.109375 0.6164268510365722
3.125 0.6160405517746005
3.140625 0.6157866122190043
3.15625 0.6156411255500669
3.171875 0.6155845282019272
3.1875 0.6156006350921611
3.203125 0.61567596632723
3.21875 0.6157992276644244
3.234375 0.6159609119253985
3.25 0.6161529715190838
3.265625 0.6163685754503647
3.28125 0.6166019081850891
3.296875 0.6168479970163435
3.3125 0.6171026025390078
3.328125 0.6173620891718848
3.34375 0.6176233494875362
3.359375 0.6178837181201847
3.375 0.6181409208116226
3.390625 0.6183930165309556
3.40625 0.6186383515388304
3.421875 0.6188755253887047
3.4375 0.6191033557768334
3.453125 0.6193208469144836
3.46875 0.6195271673680551
3.484375 0.6197216271905468
3.5 0.6199036526139636
3.515625 0.6200727702421083
3.53125 0.6202285861962937
3.546875 0.6203707690907969
3.5625 0.6204990446426754
3.578125 0.6206132510128887
3.59375 0.6207132726710445
3.609375 0.6207989534276424
3.625 0.6208700770075711
3.640625 0.6209263520640919
3.65625 0.6209673928366842
3.671875 0.6209926968953913
3.6875 0.6210016210798909
3.703125 0.6209933527279684
3.71875 0.620966874535296
3.734375 0.6209209249356918
3.75 0.6208539491068475
3.765625 0.6207640373638715
3.78125 0.6206488519005104
3.796875 0.6205055291385673
3.8125 0.62033055653589
3.828125 0.6201196075517748
3.84375 0.6198673185308794
3.859375 0.6195669773671783
3.875 0.619210078090498
3.890625 0.6187856569752411
3.90625 0.6182792669014952
3.921875 0.6176712993831178
3.9375 0.6169340628164038
3.953125 0.6160262328275641
3.96875 0.61488103373489
3.984375 0.6133771046931997
4 0.611261461451158
4.015625 0.6080767403507149
4.03125 0.6035029581383203
4.046875 0.5977311796644638
4.0625 0.5912978789941886
4.078125 0.5848182576138228
4.09375 0.5788325714952131
4.109375 0.5737568031789406
4.125 0.5698898965883695
4.140625 0.5674376513044767
4.15625 0.5665245084897699
4.171875 0.5671536121894947
4.1875 0.5690765184744844
4.203125 0.5718087723038909
4.21875 0.5749574171481689
4.234375 0.57832070058473
4.25 0.5818003885183703
4.265625 0.585343984244534
4.28125 0.5889205299892449
4.296875 0.5925102566494578
4.3125 0.5960997205144154
4.328125 0.5996793034814203
4.34375 0.6032418258436186
4.359375 0.6067817299668993
4.375 0.6102945736822103
4.390625 0.6137767028241162
4.40625 0.6172250320671816
4.421875 0.6206368938515635
4.4375 0.6240099314945523
4.453125 0.6273420218805619
4.46875 0.6306312184249233
4.484375 0.6338757085089326
4.5 0.6370737810439095
4.515625 0.6402238012673732
4.53125 0.6433241911748696
4.546875 0.6463734143983239
4.5625 0.6493699635949025
4.578125 0.6523123509554921
4.59375 0.6551991000265027
4.609375 0.6580287395247528
4.625 0.660799797903071
4.640625 0.6635107992845457
4.65625 0.6661602599655015
4.671875 0.6687466856334673
4.6875 0.6712685692560063
4.703125 0.6737243894245658
4.71875 0.6761126091849753
4.734375 0.6784316753610659
4.75 0.6806800183190821
4.765625 0.6828560522663394
4.78125 0.6849581761106136
4.796875 0.6869847749963127
4.8125 0.6889342226959038
4.828125 0.6908048851093964
4.84375 0.6925951252299186
4.859375 0.6943033102442152
4.875 0.6959278216764153
4.890625 0.6974670702260747
4.90625 0.6989195181199134
4.921875 0.7002837142559094
4.9375 0.7015583527992191
4.953125 0.7027423790672085
4.96875 0.7038352037782614
4.984375 0.704837209844184
5 0.7057511303403408
5.015625 0.7065845017443871
5.03125 0.7073482796571026
5.046875 0.7080522618991507
5.0625 0.7087041569528493
5.078125 0.7093101159850029
5.09375 0.7098751780591647
5.109375 0.7104035586021055
5.125 0.7108988406792377
5.140625 0.7113641077916296
5.15625 0.7118020398988583
5.171875 0.712214985259854
5.1875 0.7126050155548436
5.203125 0.7129739691996498
5.21875 0.7133234859379919
5.234375 0.7136550349203538
5.25 0.7139699377361727
5.265625 0.7142693875660896
5.28125 0.7145544651782982
5.296875 0.7148261525621625
5.3125 0.7150853443097802
5.328125 0.7153328575296121
5.34375 0.7155694403118602
5.359375 0.7157957790446783
5.375 0.716012504767542
5.390625 0.7162201987041287
5.40625 0.7164193971113967
5.421875 0.7166105955296342
5.4375 0.71679425252166
5.453125 0.7169707929866186
5.46875 0.717140611085171
5.484375 0.7173040728384297
5.5 0.7174615184588473
5.515625 0.717613264417498
5.53125 0.7177596053093405
5.546875 0.7179008155345575
5.5625 0.7180371508046189
5.578125 0.7181688495322566
5.59375 0.7182961340787101
5.609375 0.718419211899501
5.625 0.7185382766078364
5.640625 0.7186535089356109
5.65625 0.718765077654427
5.671875 0.7188731403996658
5.6875 0.7189778444727127
5.703125 0.7190793275650357
5.71875 0.7191777184676689
5.734375 0.7192731376899737
5.75 0.7193656982084566
5.765625 0.7194555058431205
5.78125 0.719542659972258
5.796875 0.7196272540439322
5.8125 0.7197093760308145
5.828125 0.7197891089673687
5.84375 0.719866531333585
5.859375 0.7199417175342973
5.875 0.7200147382754645
5.890625 0.7200856609516509
5.90625 0.7201545499801358
5.921875 0.7202214671425842
5.9375 0.7202864718780488
5.953125 0.7203496215640843
5.96875 0.7204109717624632
5.984375 0.7204705764278335
6 0.7205284881501257
6.015625 0.7205847582965031
6.03125 0.7206394371893388
6.046875 0.7206925742114825
6.0625 0.7207442179516331
6.078125 0.7207944162669425
6.09375 0.7208432163728522
6.109375 0.7208906648997648
6.125 0.7209368079082468
6.140625 0.7209816909453498
6.15625 0.7210253590356346
6.171875 0.7210678566808644
6.1875 0.7211092278713587
6.203125 0.7211495160279141
6.21875 0.7211887640199133
6.234375 0.7212270140965039
6.25 0.7212643080527438
6.265625 0.7213006892021386
6.28125 0.7213361871941063
6.296875 0.7213708573833014
6.3125 0.7214047281741118
6.328125 0.7214378398793281
6.34375 0.7214702295401774
6.359375 0.7215019332313706
6.375 0.7215329861324886
6.390625 0.7215634225002624
6.40625 0.721593275586083
6.421875 0.7216225776492589
6.4375 0.7216513599878364
6.453125 0.7216796528331167
6.46875 0.7217074857881879
6.484375 0.7217348862212906
6.5 0.721761882142084
6.515625 0.721788499545826
6.53125 0.7218147636342895
6.546875 0.7218406986380386
6.5625 0.7218663278348897
6.578125 0.7218916735337323
6.59375 0.7219167571191633
6.609375 0.7219415990733855
6.625 0.7219662189639584
6.640625 0.7219906354075306
6.65625 0.7220148665798314
6.671875 0.7220389306962413
6.6875 0.7220628445670518
6.703125 0.722086624117277
6.71875 0.7221102845820176
6.734375 0.7221338406220791
6.75 0.7221573061088314
6.765625 0.7221806946112955
6.78125 0.7222040190971589
6.796875 0.722227292099111
6.8125 0.72225052576101
6.828125 0.7222737318664095
6.84375 0.7222969219528302
6.859375 0.7223201072942966
6.875 0.7223432990219564
6.890625 0.7223665081298759
6.90625 0.7223897455788844
6.921875 0.7224130223316635
6.9375 0.7224363494288655
6.953125 0.7224597380435801
6.96875 0.7224831995364266
6.984375 0.7225067455561435
7 0.7225303880488951
7.015625 0.722554139357824
7.03125 0.7225780122681339
7.046875 0.722602020070611
7.0625 0.722626176623416
7.078125 0.7226504964263553
7.09375 0.7226749946816936
7.109375 0.7226996874250825
7.125 0.7227245916379044
7.140625 0.7227497255975999
7.15625 0.722775108895067
7.171875 0.7228007804872306
7.1875 0.7228266471502243
7.203125 0.7228527472870944
7.21875 0.7228791481965724
7.234375 0.7229058747170904
7.25 0.7229329493083966
7.265625 0.7229603946373874
7.28125 0.7229882335839992
7.296875 0.7230164893614087
7.3125 0.7230451855407816
7.328125 0.7230743460448342
7.34375 0.7231039950944975
7.359375 0.7231341571919029
7.375 0.7231648570081707
7.390625 0.7231961193569698
7.40625 0.7232279691075244
7.421875 0.7232604311077009
7.4375 0.7232935301065787
7.453125 0.7233272906787129
7.46875 0.7233617371318141
7.484375 0.7233968934420597
7.5 0.7234327831649328
7.515625 0.7234694293633624
7.53125 0.7235068545402639
7.546875 0.7235450805657656
7.5625 0.7235841286101078
7.578125 0.7236240190908679
7.59375 0.7236647716156325
7.609375 0.7237064049559465
7.625 0.7237489370099662
7.640625 0.7237923850050738
7.65625 0.7238367643980016
7.671875 0.7238820878975141
7.6875 0.7239283686382882
7.703125 0.7239756191722663
7.71875 0.7240238511411518
7.734375 0.7240730752915128
7.75 0.7241233015083683
7.765625 0.724174538868559
7.78125 0.7242267957119748
7.796875 0.7242800797278675
7.8125 0.72433439805538
7.828125 0.7243897573994834
7.84375 0.7244461641616544
7.859375 0.7245036245857118
7.875 0.7245621449187241
7.890625 0.7246217315853953
7.90625 0.7246823913833957
7.921875 0.7247441316886162
7.9375 0.7248069606646502
7.953125 0.7248708874923696
7.96875 0.7249359226133718
7.984375 0.7250020779745412
8 0.7250693673399562
8.015625 0.7251378066850631
8.03125 0.7252074137509449
8.046875 0.7252782094952325
8.0625 0.7253502176669899
8.078125 0.7254234652167375
8.09375 0.7254979826612684
8.109375 0.725573804411729
8.125 0.725650969081191
8.140625 0.7257295197947744
8.15625 0.7258095045233393
8.171875 0.7258909763908392
8.1875 0.72597399400353
8.203125 0.7260586217432642
8.21875 0.7261449301148204
8.234375 0.7262329959889701
8.25 0.7263229029323299
8.265625 0.7264147414797828
8.28125 0.7265086093943492
8.296875 0.726604611930821
8.3125 0.7267028620872402
8.328125 0.7268034805809045
8.34375 0.7269065968384696
8.359375 0.727012348196549
8.375 0.7271208804690015
8.390625 0.7272323481864421
8.40625 0.7273469145790024
8.421875 0.7274647516499343
8.4375 0.7275860402441076
8.453125 0.7277109700118568
8.46875 0.7278397393726294
8.484375 0.7279725554295295
8.5 0.7281096338358722
8.515625 0.7282511985870781
8.53125 0.7283974856047943
8.546875 0.7285487002356426
8.5625 0.7287051640889015
8.578125 0.7288670761405318
8.59375 0.7290346972641453
8.609375 0.72920830473661
8.625 0.7293881665812235
8.640625 0.7295745565190312
8.65625 0.7297677508470397
8.671875 0.7299680272092045
8.6875 0.7301756631851406
8.703125 0.7303909346960359
8.71875 0.7306141142382599
8.734375 0.7308454689529263
8.75 0.731085258479048
8.765625 0.7313337326160551
8.78125 0.731591128780701
8.796875 0.7318576692673822
8.8125 0.7321335583229147
8.828125 0.7324189790026647
8.84375 0.7327140895257394
8.859375 0.7330190190513935
8.875 0.7333339022394464
8.890625 0.7336587111869647
8.90625 0.7339935564950892
8.921875 0.7343383969462529
8.9375 0.7346931639639969
8.953125 0.7350577439976795
8.96875 0.7354319678533257
8.984375 0.7358156081070898
9 0.7362083752587072
9.015625 0.7366099137068473
9.03125 0.7370198004024622
9.046875 0.7374375381512263
9.0625 0.7378625546591276
9.078125 0.738294199229631
9.09375 0.7387317400118411
9.109375 0.7391743617127079
9.125 0.7396211636297393
9.140625 0.740071158107262
9.15625 0.7405232694651172
9.171875 0.7409763334885061
9.1875 0.7414290975352076
9.203125 0.7418802213737709
9.21875 0.742328278824823
9.234375 0.7427717603532875
9.25 0.7432090766606092
9.265625 0.7436385634585029
9.28125 0.7440584874904099
9.296875 0.7444670539124848
9.3125 0.7448624151468298
9.328125 0.7452426821582951
9.34375 0.7456059336733043
9.359375 0.7459502332497876
9.375 0.7462736431371407
9.390625 0.7465742406469614
9.40625 0.7468501367383162
9.421875 0.7470994953372425
9.4375 0.7473205536295208
9.453125 0.747511642962868
9.46875 0.7476712099225679
9.484375 0.7477978371630229
9.5 0.7478902634696244
9.515625 0.7479474025251669
9.53125 0.7479683597167872
9.546875 0.7479524467888422
9.5625 0.7478991938023541
9.578125 0.7478083578375544
9.59375 0.7476799281701636
9.609375 0.7475141277552648
9.625 0.7473114108907564
9.640625 0.747072457092861
9.65625 0.7467981613378114
9.671875 0.7464896208088594
9.6875 0.7461481185705662
9.703125 0.7457751051184167
9.71875 0.7453721776458497
9.734375 0.7449410577061126
9.75 0.7444835678830315
9.765625 0.7440016081193292
9.78125 0.7434971322080089
9.796875 0.7429721250315178
9.8125 0.7424285810680649
9.828125 0.7418684843490378
9.84375 0.7412937902255881
9.859375 0.740706409548516
9.875 0.7401081935402855
9.890625 0.7395009250877941
9.90625 0.7388863069932144
9.921875 0.7382659561533267
9.9375 0.7376413986504994
9.953125 0.7370140668802424
9.96875 0.7363852984637884
9.984375 0.7357563367786313
10 0.7351283324434594
10.015625 0.7345023459522758
10.03125 0.7338793511210376
10.046875 0.7332602391193176
10.0625 0.7326458229168444
10.078125 0.7320368419389456
10.09375 0.7314339666621685
10.109375 0.7308378032825308
10.125 0.7302488982886868
10.140625 0.7296677428194621
10.15625 0.7290947768552167
10.171875 0.7285303930331066
10.1875 0.7279749402504929
10.203125 0.7274287271261194
10.21875 0.7268920236079711
10.234375 0.7263650679818522
10.25 0.7258480650666107
10.265625 0.7253411875040691
10.28125 0.7248445837004749
10.296875 0.7243583749694618
10.3125 0.723882658841481
10.328125 0.7234175105168921
10.34375 0.7229629843203178
10.359375 0.722519115016974
10.375 0.7220859069907651
10.390625 0.721663409413186
10.40625 0.7212515369307335
10.421875 0.7208502857060616
10.4375 0.7204596236151507
10.453125 0.7200794806834511
10.46875 0.7197097869423141
10.484375 0.7193504598414119
10.5 0.7190014062041964
10.515625 0.718662522939997
10.53125 0.7183336977689836
10.546875 0.7180148099126368
10.5625 0.7177057307542951
10.578125 0.7174063244176121
10.59375 0.717116448472911
10.609375 0.716835954522732
10.625 0.7165646887951665
10.640625 0.7163024927256609
10.65625 0.7160492035013452
10.671875 0.7158046545851625
10.6875 0.7155686762222405
10.703125 0.7153410959685048
10.71875 0.7151217391843551
10.734375 0.7149104294919011
10.75 0.7147069893021339
10.765625 0.7145112402465652
10.78125 0.7143230036237365
10.796875 0.7141421008285186
10.8125 0.7139683537699582
10.828125 0.7138015852450587
10.84375 0.7136416193179009
10.859375 0.7134882811733098
10.875 0.7133414004512892
10.890625 0.7132008055780441
10.90625 0.7130663299126841
10.921875 0.7129378094897099
10.9375 0.712815083537963
10.953125 0.7126979948782021
10.96875 0.7125863901407319
10.984375 0.7124801199887968
11 0.7123790393496048
11.015625 0.7122830075982437
11.03125 0.7121918887167366
11.046875 0.7121055514277939
11.0625 0.7120238693041124
11.078125 0.7119467208540559
11.09375 0.7118739895786335
11.109375 0.711805564002856
11.125 0.7117413376671237
11.140625 0.7116812091104906
11.15625 0.7116250818431848
11.171875 0.7115728642787599
11.1875 0.7115244696406712
11.203125 0.7114798158452846
11.21875 0.7114388253622378
11.234375 0.7114014250525239
11.25 0.7113675459885458
11.265625 0.7113371232534912
11.28125 0.7113100957179471
11.296875 0.7112864057971477
11.3125 0.7112659992181737
11.328125 0.7112488247645775
11.34375 0.7112348340074162
11.359375 0.7112239810286769
11.375 0.7112162221378424
11.390625 0.7112115155853225
11.40625 0.711209821272743
11.421875 0.7112111004651442
11.4375 0.7112153155052177
11.453125 0.7112224295283581
11.46875 0.7112324061816947
11.484375 0.7112452093644357
11.5 0.7112608029730609
11.515625 0.7112791506550669
11.53125 0.7113002155766358
11.546875 0.7113239602039385
11.5625 0.7113503461008144
11.578125 0.7113793337423441
11.59375 0.7114108823466212
11.609375 0.7114449497256674
11.625 0.7114814921537603
11.640625 0.7115204642550953
11.65625 0.7115618189127889
11.671875 0.7116055071994331
11.6875 0.7116514783248276
11.703125 0.7116996796033865
11.71875 0.7117500564404633
11.734375 0.7118025523370911
11.75 0.7118571089126768
11.765625 0.7119136659443622
11.78125 0.7119721614233949
11.796875 0.7120325316258791
11.8125 0.7120947111978322
11.828125 0.7121586332540579
11.84375 0.7122242294907615
11.859375 0.7122914303056251
11.875 0.7123601649274687
11.890625 0.7124303615549775
11.90625 0.7125019475018374
11.921875 0.7125748493479135
11.9375 0.71264899309444
11.953125 0.7127243043225316
11.96875 0.7128007083533902
11.984375 0.712878130409663
12 0.7129564957762879
12.015625 0.7130357299603437
12.03125 0.7131157588494494
12.046875 0.7131965088675454
12.0625 0.7132779071225916
12.078125 0.7133598815509912
12.09375 0.7134423610570716
12.109375 0.7135252756465243
12.125 0.7136085565528945
12.140625 0.7136921363566668
12.15625 0.7137759490973561
12.171875 0.7138599303774175
12.1875 0.7139440174578373
12.203125 0.7140281493456144
12.21875 0.7141122668725018
12.234375 0.7141963127658822
12.25 0.7142802317117225
12.265625 0.7143639704056071
12.28125 0.7144474775970966
12.296875 0.7145307041262291
12.3125 0.7146136029515346
12.328125 0.7146961291707727
12.34375 0.7147782400341435
12.359375 0.7148598949497222
12.375 0.7149410554822175
12.390625 0.7150216853450555
12.40625 0.7151017503860764
12.421875 0.7151812185672874
12.4375 0.7152600599396158
12.453125 0.7153382466127823
12.46875 0.7154157527187321
12.484375 0.7154925543712671
12.5 0.7155686296222998
12.515625 0.7156439584148147
12.53125 0.7157185225322346
12.546875 0.7157923055450693
12.5625 0.7158652927552713
12.578125 0.7159374711384607
12.59375 0.7160088292842743
12.609375 0.7160793573355575
12.625 0.7161490469263182
12.640625 0.7162178911193762
12.65625 0.7162858843432163
12.671875 0.71635302232793
12.6875 0.7164193020419697
12.703125 0.7164847216290124
12.71875 0.7165492803452108
12.734375 0.7166129784972591
12.75 0.7166758173813245
12.765625 0.7167377992228554
12.78125 0.7167989271177018
12.796875 0.7168592049744852
12.8125 0.7169186374584354
12.828125 0.7169772299367944
12.84375 0.7170349884258267
12.859375 0.7170919195394614
12.875 0.7171480304396384
12.890625 0.7172033287884828
12.90625 0.7172578227023847
12.921875 0.7173115207079996
12.9375 0.7173644317000689
12.953125 0.7174165649011577
12.96875 0.7174679298233327
12.984375 0.7175185362316987
13 0.7175683941098634
13.015625 0.7176175136272033
13.03125 0.7176659051080195
13.046875 0.7177135790024699
13.0625 0.717760545859207
13.078125 0.7178068162997637
13.09375 0.7178524009946567
13.109375 0.7178973106410911
13.125 0.7179415559422182
13.140625 0.7179851475879577
13.15625 0.7180280962372533
13.171875 0.7180704125017603
13.1875 0.7181121069308712
13.203125 0.7181531899980508
13.21875 0.7181936720883919
13.234375 0.718233563487341
13.25 0.7182728743705605
13.265625 0.7183116147948611
13.28125 0.7183497946901363
13.296875 0.7183874238522328
13.3125 0.7184245119367308
13.328125 0.7184610684535632
13.34375 0.7184971027624152
13.359375 0.7185326240688761
13.375 0.7185676414212721
13.390625 0.7186021637081417
13.40625 0.7186361996563067
13.421875 0.7186697578294894
13.4375 0.7187028466274552
13.453125 0.7187354742856176
13.46875 0.7187676488750681
13.484375 0.7187993783030001
13.5 0.7188306703134928
13.515625 0.7188615324886175
13.53125 0.7188919722498365
13.546875 0.7189219968596672
13.5625 0.7189516134235781
13.578125 0.7189808288920938
13.59375 0.7190096500630896
13.609375 0.7190380835842529
13.625 0.7190661359556637
13.640625 0.719093813532496
13.65625 0.7191211225278255
13.671875 0.7191480690155166
13.6875 0.7191746589331751
13.703125 0.7192008980851524
13.71875 0.7192267921455855
13.734375 0.719252346661463
13.75 0.7192775670557038
13.765625 0.7193024586302361
13.78125 0.7193270265690922
13.796875 0.7193512759414716
13.8125 0.7193752117047589
13.828125 0.7193988387075257
13.84375 0.7194221616924988
13.859375 0.7194451852994879
13.875 0.719467914068266
13.890625 0.7194903524413989
13.90625 0.7195125047670197
13.921875 0.7195343753015466
13.9375 0.7195559682123427
13.953125 0.7195772875803127
13.96875 0.7195983374024632
13.984375 0.719619121594358
14 0.7196396439925032
14.015625 0.7196599083566821
14.03125 0.7196799183722209
14.046875 0.719699677652192
14.0625 0.7197191897395487
14.078125 0.7197384581091902
14.09375 0.7197574861699644
14.109375 0.7197762772666073
14.125 0.7197948346816138
14.140625 0.7198131616370552
14.15625 0.7198312612963496
14.171875 0.7198491367659221
14.1875 0.7198667910968272
14.203125 0.7198842272863145
14.21875 0.7199014482793423
14.234375 0.7199184569700374
14.25 0.7199352562030931
14.265625 0.7199518487751242
14.28125 0.7199682374359668
14.296875 0.7199844248899321
14.3125 0.7200004137970105
14.328125 0.7200162067740428
14.34375 0.7200318063958435
14.359375 0.7200472151962486
14.375 0.7200624356691463
14.390625 0.7200774702694661
14.40625 0.720092321414137
14.421875 0.7201069914830014
14.4375 0.720121482819695
14.453125 0.7201357977324979
14.46875 0.7201499384951519
14.484375 0.7201639073476419
14.5 0.7201777064969549
14.515625 0.7201913381178229
14.53125 0.7202048043534092
14.546875 0.7202181073159741
14.5625 0.7202312490875201
14.578125 0.7202442317204204
14.59375 0.720257057238021
14.609375 0.7202697276352169
14.625 0.7202822448790169
14.640625 0.7202946109090825
14.65625 0.7203068276382478
14.671875 0.7203188969530248
14.6875 0.7203308207140959
14.703125 0.7203426007567894
14.71875 0.7203542388915191
14.734375 0.7203657369042246
14.75 0.7203770965567944
14.765625 0.7203883195874812
14.78125 0.7203994077112981
14.796875 0.7204103626204088
14.8125 0.7204211859845021
14.828125 0.7204318794511582
14.84375 0.7204424446461991
14.859375 0.7204528831740387
14.875 0.7204631966180249
14.890625 0.7204733865407567
14.90625 0.7204834544843981
14.921875 0.720493401970985
14.9375 0.720503230502728
14.953125 0.7205129415623052
14.96875 0.7205225366131477
14.984375 0.7205320170997217
15 0.7205413844478001
15.015625 0.720550640064729
15.03125 0.7205597853396909
15.046875 0.7205688216439611
15.0625 0.720577750331162
15.078125 0.7205865727375013
15.09375 0.7205952901820071
15.109375 0.72060390396677
15.125 0.7206124153771654
15.140625 0.7206208256820863
15.15625 0.7206291361341618
15.171875 0.720637347969978
15.1875 0.7206454624102874
15.203125 0.7206534806602255
15.21875 0.7206614039095142
15.234375 0.7206692333326693
15.25 0.7206769700891998
15.265625 0.7206846153237983
15.28125 0.7206921701665367
15.296875 0.7206996357330592
15.3125 0.7207070131247647
15.328125 0.7207143034289965
15.34375 0.7207215077192218
15.359375 0.7207286270552137
15.375 0.7207356624832255
15.390625 0.7207426150361668
15.40625 0.7207494857337781
15.421875 0.7207562755827993
15.4375 0.720762985577135
15.453125 0.7207696166980183
15.46875 0.7207761699141743
15.484375 0.7207826461819808
15.5 0.7207890464456255
15.515625 0.7207953716372655
15.53125 0.7208016226771783
15.546875 0.7208078004739162
15.5625 0.7208139059244574
15.578125 0.7208199399143528
15.59375 0.7208259033178763
15.609375 0.7208317969981685
15.625 0.7208376218073758
15.640625 0.7208433785867944
15.65625 0.7208490681670074
15.671875 0.7208546913680253
15.6875 0.7208602489994195
15.703125 0.7208657418604586
15.71875 0.72087117074024
15.734375 0.7208765364178215
15.75 0.7208818396623499
15.765625 0.7208870812331928
15.78125 0.7208922618800597
15.796875 0.7208973823431317
15.8125 0.7209024433531785
15.828125 0.7209074456316833
15.84375 0.7209123898909633
15.859375 0.7209172768342872
15.875 0.7209221071559928
15.890625 0.7209268815416037
15.90625 0.7209316006679415
15.921875 0.7209362652032412
15.9375 0.720940875807262
15.953125 0.7209454331313979
15.96875 0.720949937818787
15.984375 0.7209543905044157
16 0.7209587918152274
16.015625 0.7209631423702272
16.03125 0.7209674427805831
16.046875 0.7209716936497312
16.0625 0.7209758955734745
16.078125 0.7209800491400844
16.09375 0.7209841549303952
16.109375 0.7209882135179077
16.125 0.720992225468879
16.140625 0.7209961913424222
16.15625 0.7210001116905954
16.171875 0.7210039870584964
16.1875 0.7210078179843542
16.203125 0.7210116049996147
16.21875 0.7210153486290365
16.234375 0.7210190493907728
16.25 0.7210227077964588
16.265625 0.721026324351301
16.28125 0.7210298995541562
16.296875 0.7210334338976198
16.3125 0.721036927868105
16.328125 0.7210403819459233
16.34375 0.7210437966053673
16.359375 0.721047172314786
16.375 0.7210505095366652
16.390625 0.7210538087277052
16.40625 0.7210570703388928
16.421875 0.7210602948155816
16.4375 0.7210634825975601
16.453125 0.7210666341191309
16.46875 0.7210697498091767
16.484375 0.7210728300912375
16.5 0.721075875383574
16.515625 0.7210788860992434
16.53125 0.7210818626461625
16.546875 0.721084805427177
16.5625 0.7210877148401289
16.578125 0.7210905912779197
16.59375 0.7210934351285773
16.609375 0.7210962467753191
16.625 0.7210990265966147
16.640625 0.7211017749662482
16.65625 0.7211044922533801
16.671875 0.7211071788226071
16.6875 0.7211098350340222
16.703125 0.7211124612432729
16.71875 0.7211150578016193
16.734375 0.7211176250559929
16.75 0.7211201633490508
16.765625 0.7211226730192335
16.78125 0.721125154400818
16.796875 0.7211276078239743
16.8125 0.7211300336148165
16.828125 0.721132432095458
16.84375 0.7211348035840627
16.859375 0.7211371483948946
16.875 0.7211394668383715
16.890625 0.7211417592211133
16.90625 0.7211440258459906
16.921875 0.7211462670121758
16.9375 0.7211484830151877
16.953125 0.7211506741469421
16.96875 0.7211528406957974
16.984375 0.7211549829465985
17 0.7211571011807267
17.015625 0.7211591956761403
17.03125 0.7211612667074204
17.046875 0.7211633145458164
17.0625 0.7211653394592851
17.078125 0.7211673417125369
17.09375 0.7211693215670744
17.109375 0.721171279281237
17.125 0.7211732151102384
17.140625 0.7211751293062083
17.15625 0.721177022118234
17.171875 0.7211788937923952
17.1875 0.7211807445718064
17.203125 0.7211825746966518
17.21875 0.7211843844042266
17.234375 0.7211861739289703
17.25 0.721187943502505
17.265625 0.7211896933536712
17.28125 0.7211914237085629
17.296875 0.7211931347905638
17.3125 0.7211948268203798
17.328125 0.7211965000160754
17.34375 0.7211981545931057
17.359375 0.7211997907643499
17.375 0.7212014087401452
17.390625 0.7212030087283172
17.40625 0.7212045909342133
17.421875 0.7212061555607328
17.4375 0.7212077028083592
17.453125 0.7212092328751895
17.46875 0.7212107459569654
17.484375 0.7212122422471035
17.5 0.7212137219367203
17.515625 0.7212151852146702
17.53125 0.7212166322675633
17.546875 0.721218063279802
17.5625 0.7212194784336033
17.578125 0.7212208779090311
17.59375 0.7212222618840176
17.609375 0.7212236305343961
17.625 0.7212249840339214
17.640625 0.7212263225543006
17.65625 0.7212276462652164
17.671875 0.7212289553343514
17.6875 0.7212302499274161
17.703125 0.7212315302081704
17.71875 0.7212327963384512
17.734375 0.7212340484781918
17.75 0.7212352867854509
17.765625 0.7212365114164312
17.78125 0.7212377225255054
17.796875 0.7212389202652373
17.8125 0.7212401047864059
17.828125 0.721241276238025
17.84375 0.7212424347673677
17.859375 0.7212435805199855
17.875 0.721244713639732
17.890625 0.7212458342687816
17.90625 0.7212469425476518
17.921875 0.7212480386152222
17.9375 0.7212491226087565
17.953125 0.7212501946639206
17.96875 0.7212512549148024
17.984375 0.7212523034939324
18 0.7212533405323021
18.015625 0.7212543661593819
18.03125 0.7212553805031415
18.046875 0.7212563836900668
18.0625 0.7212573758451785
18.078125 0.7212583570920509
18.09375 0.7212593275528274
18.109375 0.7212602873482392
18.125 0.7212612365976243
18.140625 0.7212621754189398
18.15625 0.7212631039287841
18.171875 0.7212640222424093
18.1875 0.7212649304737387
18.203125 0.721265828735384
18.21875 0.7212667171386608
18.234375 0.721267595793603
18.25 0.7212684648089775
18.265625 0.7212693242923049
18.28125 0.7212701743498682
18.296875 0.72127101508673
18.3125 0.7212718466067488
18.328125 0.7212726690125917
18.34375 0.7212734824057486
18.359375 0.721274286886547
18.375 0.7212750825541668
18.390625 0.7212758695066521
18.40625 0.7212766478409262
18.421875 0.721277417652804
18.4375 0.7212781790370073
18.453125 0.721278932087175
18.46875 0.7212796768958784
18.484375 0.7212804135546328
18.5 0.721281142153909
18.515625 0.72128186278315
18.53125 0.7212825755307773
18.546875 0.7212832804842078
18.5625 0.7212839777298627
18.578125 0.7212846673531821
18.59375 0.7212853494386339
18.609375 0.7212860240697261
18.625 0.7212866913290207
18.640625 0.7212873512981408
18.65625 0.7212880040577847
18.671875 0.7212886496877357
18.6875 0.7212892882668721
18.703125 0.7212899198731807
18.71875 0.7212905445837638
18.734375 0.7212911624748519
18.75 0.7212917736218142
18.765625 0.7212923780991654
18.78125 0.7212929759805803
18.796875 0.721293567338901
18.8125 0.7212941522461475
18.828125 0.7212947307735262
18.84375 0.7212953029914416
18.859375 0.7212958689695026
18.875 0.7212964287765355
18.890625 0.7212969824805904
18.90625 0.7212975301489509
18.921875 0.721298071848144
18.9375 0.7212986076439474
18.953125 0.7212991376013991
18.96875 0.7212996617848069
18.984375 0.7213001802577553
19 0.721300693083115
19.015625 0.7213012003230493
19.03125 0.7213017020390264
19.046875 0.7213021982918234
19.0625 0.7213026891415346
19.078125 0.7213031746475834
19.09375 0.7213036548687253
19.109375 0.7213041298630579
19.125 0.7213045996880286
19.140625 0.7213050644004425
19.15625 0.721305524056468
19.171875 0.7213059787116455
19.1875 0.7213064284208943
19.203125 0.7213068732385209
19.21875 0.7213073132182238
19.234375 0.7213077484131024
19.25 0.7213081788756628
19.265625 0.7213086046578263
19.28125 0.7213090258109328
19.296875 0.7213094423857522
19.3125 0.7213098544324862
19.328125 0.7213102620007779
19.34375 0.721310665139717
19.359375 0.7213110638978472
19.375 0.7213114583231703
19.390625 0.7213118484631552
19.40625 0.7213122343647421
19.421875 0.7213126160743486
19.4375 0.7213129936378768
19.453125 0.7213133671007183
19.46875 0.7213137365077601
19.484375 0.7213141019033905
19.5 0.7213144633315053
19.515625 0.721314820835512
19.53125 0.7213151744583381
19.546875 0.7213155242424326
19.5625 0.7213158702297745
19.578125 0.7213162124618775
19.59375 0.7213165509797952
19.609375 0.7213168858241259
19.625 0.7213172170350182
19.640625 0.7213175446521748
19.65625 0.7213178687148613
19.671875 0.7213181892619066
19.6875 0.7213185063317095
19.703125 0.7213188199622459
19.71875 0.72131913019107
19.734375 0.7213194370553212
19.75 0.7213197405917285
19.765625 0.7213200408366145
19.78125 0.7213203378259011
19.796875 0.7213206315951121
19.8125 0.7213209221793806
19.828125 0.7213212096134506
19.84375 0.7213214939316829
19.859375 0.7213217751680595
19.875 0.7213220533561866
19.890625 0.7213223285293004
19.90625 0.7213226007202702
19.921875 0.7213228699616032
19.9375 0.7213231362854482
19.953125 0.7213233997235999
19.96875 0.7213236603075016
19.984375 0.7213239180682516
20 0.7213241730366051
20.015625 0.7213244252429787
20.03125 0.7213246747174547
20.046875 0.7213249214897837
20.0625 0.7213251655893886
20.078125 0.7213254070453698
20.09375 0.7213256458865073
20.109375 0.7213258821412633
20.125 0.7213261158377894
20.140625 0.7213263470039254
20.15625 0.7213265756672073
20.171875 0.7213268018548674
20.1875 0.721327025593838
20.203125 0.7213272469107583
20.21875 0.721327465831972
20.234375 0.7213276823835358
20.25 0.7213278965912197
20.265625 0.7213281084805103
20.28125 0.7213283180766147
20.296875 0.7213285254044647
20.3125 0.7213287304887177
20.328125 0.7213289333537601
20.34375 0.7213291340237125
20.359375 0.7213293325224303
20.375 0.7213295288735068
20.390625 0.721329723100277
20.40625 0.7213299152258222
20.421875 0.7213301052729683
20.4375 0.7213302932642922
20.453125 0.7213304792221237
20.46875 0.7213306631685487
20.484375 0.7213308451254098
20.5 0.7213310251143118
20.515625 0.721331203156623
20.53125 0.7213313792734776
20.546875 0.7213315534857783
20.5625 0.7213317258141998
20.578125 0.7213318962791904
20.59375 0.7213320649009747
20.609375 0.7213322316995565
20.625 0.7213323966947213
20.640625 0.7213325599060372
20.65625 0.7213327213528591
20.671875 0.7213328810543312
20.6875 0.7213330390293873
20.703125 0.7213331952967551
20.71875 0.7213333498749577
20.734375 0.7213335027823163
20.75 0.7213336540369507
20.765625 0.7213338036567845
20.78125 0.7213339516595446
20.796875 0.7213340980627656
20.8125 0.7213342428837896
20.828125 0.7213343861397699
20.84375 0.7213345278476726
20.859375 0.7213346680242788
20.875 0.7213348066861872
20.890625 0.7213349438498147
20.90625 0.721335079531399
20.921875 0.7213352137470016
20.9375 0.7213353465125092
20.953125 0.7213354778436331
20.96875 0.7213356077559165
20.984375 0.7213357362647309
21 0.7213358633852813
21.015625 0.7213359891326069
21.03125 0.7213361135215836
21.046875 0.721336236566924
21.0625 0.7213363582831818
21.078125 0.7213364786847519
21.09375 0.7213365977858713
21.109375 0.7213367156006241
21.125 0.7213368321429385
21.140625 0.7213369474265943
21.15625 0.7213370614652187
21.171875 0.7213371742722915
21.1875 0.7213372858611462
21.203125 0.7213373962449706
21.21875 0.7213375054368092
21.234375 0.7213376134495658
21.25 0.7213377202960013
21.265625 0.7213378259887406
21.28125 0.7213379305402696
21.296875 0.7213380339629386
21.3125 0.7213381362689649
21.328125 0.7213382374704307
21.34375 0.7213383375792897
21.359375 0.7213384366073633
21.375 0.7213385345663456
21.390625 0.7213386314678031
21.40625 0.7213387273231768
21.421875 0.7213388221437848
21.4375 0.721338915940819
21.453125 0.7213390087253523
21.46875 0.7213391005083379
21.484375 0.7213391913006078
21.5 0.7213392811128767
21.515625 0.7213393699557455
21.53125 0.7213394578396971
21.546875 0.7213395447751015
21.5625 0.7213396307722162
21.578125 0.7213397158411884
21.59375 0.7213397999920531
21.609375 0.721339883234738
21.625 0.7213399655790628
21.640625 0.7213400470347396
21.65625 0.7213401276113768
21.671875 0.7213402073184771
21.6875 0.7213402861654407
21.703125 0.7213403641615658
21.71875 0.7213404413160497
21.734375 0.7213405176379902
21.75 0.721340593136386
21.765625 0.7213406678201382
21.78125 0.7213407416980523
21.796875 0.7213408147788364
21.8125 0.7213408870711064
21.828125 0.7213409585833835
21.84375 0.7213410293240964
21.859375 0.7213410993015829
21.875 0.7213411685240909
21.890625 0.7213412369997778
21.90625 0.7213413047367131
21.921875 0.7213413717428792
21.9375 0.7213414380261713
21.953125 0.7213415035943991
21.96875 0.7213415684552889
21.984375 0.7213416326164817
22 0.7213416960855366
22.015625 0.7213417588699306
22.03125 0.7213418209770593
22.046875 0.7213418824142388
22.0625 0.7213419431887064
22.078125 0.7213420033076194
22.09375 0.7213420627780589
22.109375 0.7213421216070289
22.125 0.7213421798014578
22.140625 0.721342237368198
22.15625 0.7213422943140296
22.171875 0.7213423506456579
22.1875 0.7213424063697151
22.203125 0.7213424614927634
22.21875 0.7213425160212916
22.234375 0.7213425699617209
22.25 0.7213426233204011
22.265625 0.7213426761036142
22.28125 0.7213427283175731
22.296875 0.7213427799684251
22.3125 0.7213428310622495
22.328125 0.7213428816050609
22.34375 0.7213429316028074
22.359375 0.721342981061375
22.375 0.7213430299865835
22.390625 0.7213430783841913
22.40625 0.7213431262598941
22.421875 0.7213431736193264
22.4375 0.7213432204680605
22.453125 0.7213432668116107
22.46875 0.7213433126554282
22.484375 0.7213433580049087
22.5 0.7213434028653873
22.515625 0.7213434472421429
22.53125 0.7213434911403964
22.546875 0.7213435345653118
22.5625 0.7213435775219985
22.578125 0.7213436200155097
22.59375 0.7213436620508443
22.609375 0.7213437036329471
22.625 0.7213437447667101
22.640625 0.7213437854569708
22.65625 0.7213438257085162
22.671875 0.7213438655260801
22.6875 0.7213439049143462
22.703125 0.7213439438779462
22.71875 0.7213439824214641
22.734375 0.7213440205494318
22.75 0.7213440582663342
22.765625 0.7213440955766055
22.78125 0.7213441324846342
22.796875 0.7213441689947604
22.8125 0.7213442051112772
22.828125 0.7213442408384317
22.84375 0.7213442761804247
22.859375 0.7213443111414117
22.875 0.7213443457255034
22.890625 0.7213443799367661
22.90625 0.7213444137792223
22.921875 0.7213444472568502
22.9375 0.7213444803735864
22.953125 0.7213445131333244
22.96875 0.7213445455399146
22.984375 0.7213445775971671
23 0.7213446093088505
23.015625 0.7213446406786925
23.03125 0.7213446717103805
23.046875 0.7213447024075625
23.0625 0.7213447327738466
23.078125 0.7213447628128018
23.09375 0.7213447925279595
23.109375 0.7213448219228119
23.125 0.7213448510008141
23.140625 0.7213448797653839
23.15625 0.7213449082199012
23.171875 0.721344936367711
23.1875 0.7213449642121206
23.203125 0.7213449917564031
23.21875 0.7213450190037949
23.234375 0.7213450459574985
23.25 0.7213450726206807
23.265625 0.7213450989964759
23.28125 0.7213451250879823
23.296875 0.7213451508982668
23.3125 0.7213451764303616
23.328125 0.7213452016872669
23.34375 0.7213452266719503
23.359375 0.7213452513873487
23.375 0.7213452758363643
23.390625 0.7213453000218709
23.40625 0.7213453239467094
23.421875 0.7213453476136918
23.4375 0.7213453710255977
23.453125 0.7213453941851781
23.46875 0.7213454170951534
23.484375 0.721345439758216
23.5 0.7213454621770276
23.515625 0.721345484354222
23.53125 0.7213455062924052
23.546875 0.7213455279941542
23.5625 0.7213455494620173
23.578125 0.7213455706985181
23.59375 0.7213455917061493
23.609375 0.7213456124873799
23.625 0.7213456330446507
23.640625 0.7213456533803767
23.65625 0.7213456734969461
23.671875 0.7213456933967217
23.6875 0.7213457130820414
23.703125 0.7213457325552172
23.71875 0.7213457518185362
23.734375 0.7213457708742613
23.75 0.7213457897246298
23.765625 0.7213458083718567
23.78125 0.7213458268181312
23.796875 0.7213458450656204
23.8125 0.7213458631164673
23.828125 0.7213458809727916
23.84375 0.7213458986366906
23.859375 0.7213459161102381
23.875 0.7213459333954874
23.890625 0.7213459504944674
23.90625 0.7213459674091866
23.921875 0.7213459841416316
23.9375 0.7213460006937666
23.953125 0.721346017067536
23.96875 0.7213460332648621
23.984375 0.7213460492876477
24 0.7213460651377734
24.015625 0.7213460808171008
24.03125 0.7213460963274715
24.046875 0.7213461116707061
24.0625 0.7213461268486064
24.078125 0.7213461418629546
24.09375 0.7213461567155139
24.109375 0.721346171408028
24.125 0.7213461859422222
24.140625 0.7213462003198032
24.15625 0.7213462145424592
24.171875 0.7213462286118593
24.1875 0.7213462425296563
24.203125 0.7213462562974839
24.21875 0.7213462699169588
24.234375 0.7213462833896798
24.25 0.7213462967172285
24.265625 0.7213463099011707
24.28125 0.7213463229430528
24.296875 0.7213463358444067
24.3125 0.7213463486067468
24.328125 0.7213463612315724
24.34375 0.7213463737203643
24.359375 0.7213463860745899
24.375 0.7213463982956981
24.390625 0.721346410385125
24.40625 0.7213464223442895
24.421875 0.7213464341745949
24.4375 0.72134644587743
24.453125 0.7213464574541701
24.46875 0.7213464689061727
24.484375 0.7213464802347826
24.5 0.7213464914413298
24.515625 0.7213465025271295
24.53125 0.7213465134934837
24.546875 0.7213465243416793
24.5625 0.7213465350729895
24.578125 0.7213465456886745
24.59375 0.7213465561899797
24.609375 0.7213465665781384
24.625 0.7213465768543702
24.640625 0.7213465870198805
24.65625 0.7213465970758631
24.671875 0.7213466070234982
24.6875 0.7213466168639538
24.703125 0.7213466265983842
24.71875 0.7213466362279327
24.734375 0.7213466457537294
24.75 0.7213466551768921
24.765625 0.7213466644985274
24.78125 0.7213466737197288
24.796875 0.7213466828415788
24.8125 0.7213466918651487
24.828125 0.7213467007914967
24.84375 0.7213467096216708
24.859375 0.7213467183567074
24.875 0.7213467269976322
24.890625 0.7213467355454585
24.90625 0.7213467440011903
24.921875 0.7213467523658196
24.9375 0.7213467606403283
24.953125 0.7213467688256875
24.96875 0.7213467769228575
24.984375 0.7213467849327896
25 0.7213467928564228
25.015625 0.7213468006946877
25.03125 0.7213468084485037
25.046875 0.7213468161187815
25.0625 0.7213468237064207
25.078125 0.7213468312123116
25.09375 0.7213468386373362
25.109375 0.721346845982365
25.125 0.7213468532482599
25.140625 0.7213468604358736
25.15625 0.7213468675460505
25.171875 0.7213468745796242
25.1875 0.7213468815374202
25.203125 0.7213468884202552
25.21875 0.721346895228937
25.234375 0.7213469019642643
25.25 0.7213469086270277
25.265625 0.7213469152180094
25.28125 0.7213469217379824
25.296875 0.7213469281877123
25.3125 0.7213469345679555
25.328125 0.7213469408794612
25.34375 0.7213469471229692
25.359375 0.7213469532992133
25.375 0.7213469594089171
25.390625 0.7213469654527987
25.40625 0.7213469714315666
25.421875 0.7213469773459227
25.4375 0.7213469831965614
25.453125 0.7213469889841679
25.46875 0.7213469947094225
25.484375 0.7213470003729971
25.5 0.721347005975556
25.515625 0.7213470115177564
25.53125 0.7213470170002488
25.546875 0.7213470224236769
25.5625 0.7213470277886762
25.578125 0.7213470330958774
25.59375 0.7213470383459021
25.609375 0.7213470435393673
25.625 0.7213470486768819
25.640625 0.7213470537590487
25.65625 0.7213470587864643
25.671875 0.7213470637597189
25.6875 0.7213470686793951
25.703125 0.721347073546071
25.71875 0.7213470783603172
25.734375 0.7213470831226994
25.75 0.7213470878337752
25.765625 0.7213470924940978
25.78125 0.7213470971042144
25.796875 0.7213471016646658
25.8125 0.7213471061759874
25.828125 0.7213471106387075
25.84375 0.721347115053351
25.859375 0.7213471194204346
25.875 0.7213471237404718
25.890625 0.7213471280139693
25.90625 0.7213471322414275
25.921875 0.7213471364233442
25.9375 0.7213471405602088
25.953125 0.7213471446525067
25.96875 0.7213471487007185
25.984375 0.7213471527053191
26 0.7213471566667784
26.015625 0.7213471605855609
26.03125 0.7213471644621269
26.046875 0.7213471682969301
26.0625 0.7213471720904221
26.078125 0.7213471758430472
26.09375 0.7213471795552455
26.109375 0.7213471832274523
26.125 0.7213471868600997
26.140625 0.7213471904536123
26.15625 0.7213471940084127
26.171875 0.721347197524918
26.1875 0.7213472010035403
26.203125 0.7213472044446881
26.21875 0.7213472078487647
26.234375 0.7213472112161705
26.25 0.7213472145472993
26.265625 0.7213472178425429
26.28125 0.7213472211022872
26.296875 0.7213472243269156
26.3125 0.7213472275168051
26.328125 0.7213472306723309
26.34375 0.7213472337938632
26.359375 0.7213472368817679
26.375 0.7213472399364076
26.390625 0.7213472429581401
26.40625 0.7213472459473209
26.421875 0.7213472489042995
26.4375 0.7213472518294233
26.453125 0.7213472547230362
26.46875 0.7213472575854771
26.484375 0.7213472604170814
26.5 0.7213472632181824
26.515625 0.7213472659891075
26.53125 0.7213472687301826
26.546875 0.7213472714417292
26.5625 0.7213472741240649
26.578125 0.7213472767775052
26.59375 0.7213472794023607
26.609375 0.7213472819989394
26.625 0.7213472845675467
26.640625 0.7213472871084832
26.65625 0.7213472896220468
26.671875 0.7213472921085331
26.6875 0.7213472945682333
26.703125 0.7213472970014364
26.71875 0.7213472994084275
26.734375 0.7213473017894895
26.75 0.7213473041449009
26.765625 0.7213473064749386
26.78125 0.7213473087798761
26.796875 0.7213473110599833
26.8125 0.7213473133155279
26.828125 0.7213473155467749
26.84375 0.7213473177539852
26.859375 0.7213473199374186
26.875 0.7213473220973309
26.890625 0.7213473242339755
26.90625 0.7213473263476032
26.921875 0.7213473284384617
26.9375 0.7213473305067967
26.953125 0.7213473325528503
26.96875 0.721347334576863
26.984375 0.721347336579072
27 0.7213473385597122
27.015625 0.7213473405190156
27.03125 0.7213473424572132
27.046875 0.7213473443745315
27.0625 0.7213473462711952
27.078125 0.7213473481474273
27.09375 0.7213473500034479
27.109375 0.7213473518394748
27.125 0.7213473536557231
27.140625 0.7213473554524059
27.15625 0.7213473572297343
27.171875 0.7213473589879168
27.1875 0.7213473607271585
27.203125 0.7213473624476651
27.21875 0.7213473641496376
27.234375 0.7213473658332759
27.25 0.7213473674987773
27.265625 0.7213473691463369
27.28125 0.7213473707761483
27.296875 0.7213473723884031
27.3125 0.7213473739832902
27.328125 0.7213473755609966
27.34375 0.7213473771217073
27.359375 0.7213473786656051
27.375 0.7213473801928717
27.390625 0.721347381703686
27.40625 0.7213473831982253
27.421875 0.7213473846766649
27.4375 0.7213473861391786
27.453125 0.7213473875859373
27.46875 0.7213473890171107
27.484375 0.7213473904328674
27.5 0.7213473918333729
27.515625 0.7213473932187919
27.53125 0.7213473945892869
27.546875 0.721347395945018
27.5625 0.7213473972860983
27.578125 0.7213473986127443
27.59375 0.7213473999289985
27.609375 0.721347401240342
27.625 0.7213474025527488
27.640625 0.72134740387242
27.65625 0.7213474052036128
27.671875 0.7213474065548687
27.6875 0.7213474079287963
27.703125 0.7213474093354849
27.71875 0.7213474107762199
27.734375 0.7213474122621963
27.75 0.7213474137956679
27.765625 0.7213474153859785
27.78125 0.7213474170374048
27.796875 0.7213474187567112
27.8125 0.7213474205517522
27.828125 0.721347422427837
27.84375 0.7213474243918342
27.859375 0.72134742645301
27.875 0.7213474286126451
27.890625 0.7213474308824891
27.90625 0.7213474332688344
27.921875 0.7213474357775588
27.9375 0.72134743841645
27.953125 0.7213474411936708
27.96875 0.7213474441140242
27.984375 0.7213474471898583
28 0.7213474504221369
28.015625 0.7213474538250382
28.03125 0.7213474574014253
28.046875 0.7213474611622319
28.0625 0.7213474651141661
28.078125 0.7213474692656474
28.09375 0.7213474736567523
28.109375 0.7213474780455046
28.125 0.7213474821582193
28.140625 0.7213474859990801
28.15625 0.7213474895804326
28.171875 0.7213474929095828
28.1875 0.7213474959909706
28.203125 0.7213474988408357
28.21875 0.7213475014629668
28.234375 0.7213475038673817
28.25 0.7213475060619592
28.265625 0.7213475080573442
28.28125 0.7213475098618027
28.296875 0.7213475114834103
28.3125 0.7213475129335187
28.328125 0.7213475142195097
28.34375 0.7213475153509363
28.359375 0.7213475163388497
28.375 0.7213475171904152
28.390625 0.7213475179164107
28.40625 0.7213475185273037
28.421875 0.7213475190310827
28.4375 0.7213475194384034
28.453125 0.7213475197595862
28.46875 0.7213475200048636
28.484375 0.7213475201827738
28.5 0.7213475203061601
28.515625 0.7213475203825226
28.53125 0.7213475204241329
28.546875 0.721347520441267
28.5625 0.7213475204444709
28.578125 0.7213475204444818
28.59375 0.7213475204444816
28.609375 0.7213475204444818
28.625 0.7213475204444819
28.640625 0.7213475204444818
28.65625 0.7213475204444818
28.671875 0.7213475204444819
28.6875 0.7213475204444817
28.703125 0.7213475204444818
28.71875 0.7213475204444818
28.734375 0.7213475204444819
28.75 0.7213475204444819
28.765625 0.7213475204444817
28.78125 0.7213475204444819
28.796875 0.7213475204444819
28.8125 0.721347520444482
28.828125 0.7213475204444816
28.84375 0.7213475204444817
28.859375 0.7213475204444819
28.875 0.7213475204444817
28.890625 0.7213475204444815
28.90625 0.7213475204444816
28.921875 0.7213475204444817
28.9375 0.721347520444482
28.953125 0.7213475204444818
28.96875 0.721347520444482
28.984375 0.7213475204444819
29 0.7213475204444819
29.015625 0.7213475204444817
29.03125 0.7213475204444818
29.046875 0.7213475204444818
29.0625 0.7213475204444816
29.078125 0.7213475204444819
29.09375 0.7213475204444819
29.109375 0.7213475204444817
29.125 0.721347520444482
29.140625 0.7213475204444817
29.15625 0.7213475204444818
29.171875 0.7213475204444819
29.1875 0.7213475204444817
29.203125 0.7213475204444819
29.21875 0.7213475204444815
29.234375 0.7213475204444819
29.25 0.7213475204444817
29.265625 0.7213475204444818
29.28125 0.721347520444482
29.296875 0.7213475204444817
29.3125 0.7213475204444819
29.328125 0.7213475204444816
29.34375 0.7213475204444817
29.359375 0.7213475204444817
29.375 0.7213475204444819
29.390625 0.7213475204444818
29.40625 0.7213475204444817
29.421875 0.7213475204444818
29.4375 0.7213475204444821
29.453125 0.7213475204444815
29.46875 0.7213475204444821
29.484375 0.7213475204444817
29.5 0.7213475204444818
29.515625 0.721347520444482
29.53125 0.7213475204444816
29.546875 0.7213475204444819
29.5625 0.7213475204444819
29.578125 0.7213475204444818
29.59375 0.7213475204444816
29.609375 0.7213475204444818
29.625 0.7213475204444819
29.640625 0.7213475204444818
29.65625 0.7213475204444818
29.671875 0.7213475204444819
29.6875 0.7213475204444817
29.703125 0.7213475204444818
29.71875 0.7213475204444818
29.734375 0.7213475204444819
29.75 0.7213475204444819
29.765625 0.7213475204444817
29.78125 0.7213475204444819
29.796875 0.7213475204444819
29.8125 0.721347520444482
29.828125 0.7213475204444816
29.84375 0.7213475204444817
29.859375 0.7213475204444819
29.875 0.7213475204444817
29.890625 0.7213475204444815
29.90625 0.7213475204444816
29.921875 0.7213475204444817
29.9375 0.721347520444482
29.953125 0.7213475204444818
29.96875 0.721347520444482
29.984375 0.7213475204444819
30 0.7213475204444819
