1 0.5
1.015625 0.5054020299713383
1.03125 0.5107768852657122
1.046875 0.5161233335033801
1.0625 0.5214401186874077
1.078125 0.526725960835451
1.09375 0.5319795556063184
1.109375 0.5371995739212558
1.125 0.5423846615798512
1.140625 0.5475334388705181
1.15625 0.5526445001754835
1.171875 0.5577164135701789
1.1875 0.5627477204170008
1.203125 0.5677369349533138
1.21875 0.5726825438736987
1.234375 0.5775830059062483
1.25 0.5824367513829651
1.265625 0.5872421818040843
1.28125 0.591997669396289
1.296875 0.5967015566647123
1.3125 0.6013521559386633
1.328125 0.6059477489109947
1.34375 0.6104865861709714
1.359375 0.6149668867306596
1.375 0.6193868375446429
1.390625 0.6237445930230485
1.40625 0.6280382745377543
1.421875 0.6322659699217081
1.4375 0.6364257329612605
1.453125 0.6405155828814163
1.46875 0.6445335038239061
1.484375 0.6484774443180047
1.5 0.6523453167439788
1.515625 0.6561349967890644
1.53125 0.6598443228958857
1.546875 0.6634710957032119
1.5625 0.6670130774789671
1.578125 0.6704679915453439
1.59375 0.6738335216959778
1.609375 0.6771073116050226
1.625 0.6802869642280452
1.640625 0.6833700411946686
1.65625 0.6863540621927567
1.671875 0.6892365043441175
1.6875 0.692014801571606
1.703125 0.6946863439574337
1.71875 0.6972484770926842
1.734375 0.6996985014178186
1.75 0.7020336715541236
1.765625 0.7042511956259365
1.78125 0.7063482345735387
1.796875 0.7083219014566106
1.8125 0.7101692607480995
1.828125 0.7118873276184049
1.84375 0.7134730672097148
1.859375 0.7149233939004074
1.875 0.7162351705593288
1.890625 0.7174052077898896
1.90625 0.7184302631637678
1.921875 0.719307040444168
1.9375 0.7200321887984146
1.953125 0.7206023019997752
1.96875 0.7210139176184028
1.984375 0.721263516201208
2 0.7213475204405416
2.015625 0.7213475204405416
2.03125 0.7213475204405416
2.046875 0.7213475204405416
2.0625 0.7213475204405416
2.078125 0.7213475204405416
2.09375 0.7213475204405416
2.109375 0.7213475204405416
2.125 0.7213475204405416
2.140625 0.7213475204405416
2.15625 0.7213475204405416
2.171875 0.7213475204405416
2.1875 0.7213475204405416
2.203125 0.7213475204405416
2.21875 0.7213475204405416
2.234375 0.7213475204405416
2.25 0.7213475204405416
2.265625 0.7213475204405416
2.28125 0.7213475204405416
2.296875 0.7213475204405416
2.3125 0.7213475204405416
2.328125 0.7213475204405416
2.34375 0.7213475204405416
2.359375 0.7213475204405416
2.375 0.7213475204405416
2.390625 0.7213475204405357
2.40625 0.7213475204404747
2.421875 0.721347520440398
2.4375 0.7213475204403085
2.453125 0.7213475204401594
2.46875 0.7213475204400444
2.484375 0.721347520439965
2.5 0.7213475204398536
2.515625 0.7213475204397062
2.53125 0.7213475204395334
2.546875 0.7213475204393601
2.5625 0.7213475204391868
2.578125 0.7213475204390135
2.59375 0.7213475204388402
2.609375 0.7213475204386669
2.625 0.7213475204384936
2.640625 0.7213475204383203
2.65625 0.721347520438147
2.671875 0.7213475204379736
2.6875 0.7213475204378001
2.703125 0.7213475204376267
2.71875 0.7213475204374533
2.734375 0.7213475204372799
2.75 0.7213475204371065
2.765625 0.7213475204369331
2.78125 0.7213475204367596
2.796875 0.7213475204365862
2.8125 0.7213475204364129
2.828125 0.7213475204362396
2.84375 0.7213475204360663
2.859375 0.721347520435893
2.875 0.7213475204357196
2.890625 0.7213475204355462
2.90625 0.7213475204353728
2.921875 0.7213475204351993
2.9375 0.7213475204350259
2.953125 0.7213475204348525
2.96875 0.7213475204346791
2.984375 0.7213475204345057
3 0.7213475204343323
3.015625 0.7213475204341588
3.03125 0.7213475204339854
3.046875 0.7213475204338121
3.0625 0.7213475204336387
3.078125 0.7213475204334653
3.09375 0.7213475204332919
3.109375 0.7213475204331184
3.125 0.721347520432945
3.140625 0.7213475204327716
3.15625 0.7213475204325982
3.171875 0.7213475081623208
3.1875 0.7213468984493192
3.203125 0.7213403458378644
3.21875 0.7213188115738975
3.234375 0.7212722016425616
3.25 0.7211893330519176
3.265625 0.7210578397670739
3.28125 0.7208640715848594
3.296875 0.7205929852105361
3.3125 0.7202280265791177
3.328125 0.7197510039187559
3.34375 0.7191419508286556
3.359375 0.7183789785591168
3.375 0.7174381166275775
3.390625 0.716293140815646
3.40625 0.7149153875074067
3.421875 0.713273543681754
3.4375 0.7113334187542626
3.453125 0.7090577920233088
3.46875 0.7064060764469378
3.484375 0.7033340605829193
3.5 0.6997936209202134
3.515625 0.6957324022173768
3.53125 0.6910934715335093
3.546875 0.6858149436714854
3.5625 0.6798295754893456
3.578125 0.6730643263112981
3.59375 0.6654844423443803
3.609375 0.6587125487969303
3.625 0.6533695900960413
3.640625 0.6490911377783051
3.65625 0.6456296458965356
3.671875 0.6428083257785792
3.6875 0.6405007918466009
3.703125 0.638607575984009
3.71875 0.6370548077773052
3.734375 0.6357835591823601
3.75 0.6347453463118216
3.765625 0.6339023305299334
3.78125 0.6332228304268244
3.796875 0.6326801582546885
3.8125 0.6322524359897048
3.828125 0.6319209403629283
3.84375 0.6316698224485159
3.859375 0.6314856165363614
3.875 0.631357115485942
3.890625 0.6312745018417365
3.90625 0.631229094936675
3.921875 0.6312133846936309
3.9375 0.6312208705996243
3.953125 0.6312459151930592
3.96875 0.631283633018469
3.984375 0.6313298070251251
4 0.6313807456257849
4.015625 0.6314332341477763
4.03125 0.6314844511716811
4.046875 0.6315321123462255
4.0625 0.6315740356185807
4.078125 0.6316083997198457
4.09375 0.6316336285630233
4.109375 0.631648336332235
4.125 0.6316512918035841
4.140625 0.6316413821106024
4.15625 0.6316175783410831
4.171875 0.6315789043605854
4.1875 0.6315244297680468
4.203125 0.6314534282286733
4.21875 0.6313629634560144
4.234375 0.6312548995603043
4.25 0.631128178234041
4.265625 0.6309814965376382
4.28125 0.6308132729038891
4.296875 0.6306216912366774
4.3125 0.6304038310358215
4.328125 0.6301575166298914
4.34375 0.6298793010032867
4.359375 0.6295656289390692
4.375 0.6292110501329082
4.390625 0.6288108056170431
4.40625 0.6283538029773803
4.421875 0.6278289836349522
4.4375 0.6272220599240337
4.453125 0.626515063241579
4.46875 0.6256815448854535
4.484375 0.624681142323393
4.5 0.6234507372066606
4.515625 0.6218842868096477
4.53125 0.6197963384699875
4.546875 0.6169344870844339
4.5625 0.6131609058019358
4.578125 0.6085635311353483
4.59375 0.6034057310010479
4.609375 0.5980301570391001
4.625 0.5927829040654999
4.640625 0.5879725150257288
4.65625 0.5838502049772015
4.671875 0.58061208865907
4.6875 0.5784280323956698
4.703125 0.5773985160695159
4.71875 0.5775616484115548
4.734375 0.5788292196477215
4.75 0.58093993435584
4.765625 0.5835779781691963
4.78125 0.5865262607607599
4.796875 0.5896561983785024
4.8125 0.5928907423912601
4.828125 0.5961949995814425
4.84375 0.5995339028044852
4.859375 0.6028933195291829
4.875 0.6062553381730572
4.890625 0.6096128578762223
4.90625 0.6129558618983493
4.921875 0.6162795165045319
4.9375 0.6195782728046457
4.953125 0.6228477317304086
4.96875 0.6260851345196692
4.984375 0.6292862995046539
5 0.6324497195048177
5.015625 0.6355719006280917
5.03125 0.6386512939993793
5.046875 0.641685653768994
5.0625 0.6446726869257027
5.078125 0.6476111799642943
5.09375 0.6504989080310968
5.109375 0.6533342512043187
5.125 0.6561158400685732
5.140625 0.6588417440107446
5.15625 0.6615104838813841
5.171875 0.6641206817349763
5.1875 0.6666706013085892
5.203125 0.6691586910329428
5.21875 0.6715836324923254
5.234375 0.6739438130475933
5.25 0.6762376487890778
5.265625 0.6784636815624402
5.28125 0.6806204890098181
5.296875 0.6827065096074222
5.3125 0.6847202113119399
5.328125 0.686660091479207
5.34375 0.6885247287750589
5.359375 0.6903126492315614
5.375 0.692022384525999
5.390625 0.6936525078510241
5.40625 0.6952016442204662
5.421875 0.696668489707654
5.4375 0.698051846657859
5.453125 0.6993506576832036
5.46875 0.7005640835260233
5.484375 0.7016916589119804
5.5 0.7027335609616694
5.515625 0.7036912025503658
5.53125 0.7045684248281628
5.546875 0.7053724616543884
5.5625 0.706112234412834
5.578125 0.7067958668941382
5.59375 0.7074301302568122
5.609375 0.7080206025135244
5.625 0.7085719331789195
5.640625 0.7090880547988703
5.65625 0.7095723353735196
5.671875 0.7100276896318962
5.6875 0.7104566617460744
5.703125 0.7108614887539733
5.71875 0.7112441497668078
5.734375 0.7116064051056155
5.75 0.7119498278368801
5.765625 0.7122758295085017
5.78125 0.7125856811065046
5.796875 0.7128805313608618
5.8125 0.7131614213183639
5.828125 0.7134292970900177
5.84375 0.7136850205936571
5.859375 0.7139293785222842
5.875 0.7141630901847185
5.890625 0.714386815952808
5.90625 0.7146011623929963
5.921875 0.714806687611704
5.9375 0.7150039059638854
5.953125 0.7151932921659629
5.96875 0.7153752849540526
5.984375 0.7155502903997246
6 0.7157186843762012
6.015625 0.7158808159483268
6.03125 0.7160370091435845
6.046875 0.7161875652028459
6.0625 0.7163327644833269
6.078125 0.7164728681711746
6.09375 0.7166081198487753
6.109375 0.7167387465132694
6.125 0.7168649598205775
6.140625 0.7169869586103097
6.15625 0.7171049291370961
6.171875 0.7172190459648263
6.1875 0.7173294729596582
6.203125 0.717436364107173
6.21875 0.7175398642616517
6.234375 0.717640109851699
6.25 0.7177372295724933
6.265625 0.7178313449655533
6.28125 0.7179225709820826
6.296875 0.7180110164858052
6.3125 0.718096784738695
6.328125 0.7181799731416771
6.34375 0.7182606747055594
6.359375 0.7183389784311356
6.375 0.7184149692465275
6.390625 0.7184887282996139
6.40625 0.7185603332607428
6.421875 0.7186298585798532
6.4375 0.7186973757219475
6.453125 0.7187629533531377
6.46875 0.7188266575585109
6.484375 0.7188885519843116
6.5 0.7189486980069039
6.515625 0.7190071547690106
6.53125 0.7190639788990824
6.546875 0.7191192256132043
6.5625 0.7191729484194194
6.578125 0.7192251990149163
6.59375 0.7192760274342745
6.609375 0.7193254820664469
6.625 0.71937360968779
6.640625 0.7194204554855508
6.65625 0.7194660631655651
6.671875 0.7195104753668622
6.6875 0.7195537331537403
6.703125 0.7195958760244618
6.71875 0.719636941657685
6.734375 0.7196769665272356
6.75 0.7197159859139853
6.765625 0.7197540337201159
6.78125 0.7197911424735285
6.796875 0.719827343374896
6.8125 0.7198626662690444
6.828125 0.7198971397080077
6.84375 0.719930790958541
6.859375 0.7199636460101561
6.875 0.7199957296250412
6.890625 0.7200270653534597
6.90625 0.7200576752636686
6.921875 0.7200875804624405
6.9375 0.7201168011372046
6.953125 0.7201453564111684
6.96875 0.7201732644037642
6.984375 0.7202005423035888
7 0.7202272063719432
7.015625 0.7202532720516096
7.03125 0.720278754003273
7.046875 0.7203036661764918
7.0625 0.7203280218787314
7.078125 0.7203518338324639
7.09375 0.7203751140392545
7.109375 0.7203978743840151
7.125 0.7204201266998145
7.140625 0.7204418830120426
7.15625 0.7204631565123258
7.171875 0.7204839659166916
7.1875 0.720504274184085
7.203125 0.7205240970645447
7.21875 0.7205434580101282
7.234375 0.7205623690200709
7.25 0.7205808404766959
7.265625 0.7205988821531747
7.28125 0.7206165034530501
7.296875 0.7206337139098845
7.3125 0.7206505230388156
7.328125 0.7206669404160735
7.34375 0.7206829756847994
7.359375 0.7206986385867543
7.375 0.7207139389713295
7.390625 0.7207288868216222
7.40625 0.7207434922436137
7.421875 0.7207577654755307
7.4375 0.7207717168829566
7.453125 0.720785356802059
7.46875 0.720798695731119
7.484375 0.7208117443548738
7.5 0.7208245134430139
7.515625 0.7208370137787736
7.53125 0.7208492562020103
7.546875 0.7208612515495973
7.5625 0.7208730106635349
7.578125 0.7208845442903592
7.59375 0.7208958631633486
7.609375 0.7209069779092778
7.625 0.720917898996443
7.640625 0.7209286367688909
7.65625 0.7209392014181064
7.671875 0.7209496020439362
7.6875 0.7209598477923964
7.703125 0.7209699477407627
7.71875 0.7209799107603281
7.734375 0.7209897453615774
7.75 0.7209994597736957
7.765625 0.721009061838721
7.78125 0.7210185590451428
7.796875 0.7210279585456867
7.8125 0.7210372669230601
7.828125 0.7210464904418767
7.84375 0.7210556350624625
7.859375 0.7210647063138641
7.875 0.7210737093449001
7.890625 0.7210826489398647
7.90625 0.7210915295064491
7.921875 0.7211003550597047
7.9375 0.7211091293022298
7.953125 0.7211178556075585
7.96875 0.7211265370208449
7.984375 0.7211351762798511
8 0.7211437757773608
8.015625 0.7211523377893875
8.03125 0.7211608644058952
8.046875 0.7211693575529281
8.0625 0.7211778190212444
8.078125 0.7211862505424063
8.09375 0.7211946536253897
8.109375 0.7212030298526046
8.125 0.7212113807844249
8.140625 0.7212197080060554
8.15625 0.7212280131407054
8.171875 0.7212362977336847
8.1875 0.7212445635182841
8.203125 0.7212528124226563
8.21875 0.7212610465707546
8.234375 0.7212692682434072
8.25 0.72127747991812
8.265625 0.7212856843274087
8.28125 0.7212938844094188
8.296875 0.7213020833549272
8.3125 0.7213102846059795
8.328125 0.7213184918476425
8.34375 0.7213267089598994
8.359375 0.721334940012355
8.375 0.7213431894781823
8.390625 0.7213514620849233
8.40625 0.7213597627788063
8.421875 0.7213680967317778
8.4375 0.72137646932352
8.453125 0.7213848861288994
8.46875 0.7213933528657132
8.484375 0.7214018754067738
8.5 0.721410459702334
8.515625 0.7214191118003531
8.53125 0.7214278375337643
8.546875 0.7214366428742078
8.5625 0.7214455338716401
8.578125 0.7214545164554584
8.59375 0.7214635964856616
8.609375 0.7214727796663911
8.625 0.7214820715212598
8.640625 0.7214914773655072
8.65625 0.7215010022258662
8.671875 0.7215106508698667
8.6875 0.7215204277478173
8.703125 0.7215303368248599
8.71875 0.721540381516246
8.734375 0.7215505651008892
8.75 0.7215608904285038
8.765625 0.7215713599629481
8.78125 0.7215819756362807
8.796875 0.7215927389793035
8.8125 0.7216036510377015
8.828125 0.7216147123878404
8.84375 0.7216259231694252
8.859375 0.7216372830384068
8.875 0.7216487912121083
8.890625 0.7216604461954907
8.90625 0.7216722461972175
8.921875 0.7216841892297219
8.9375 0.7216962730035851
8.953125 0.7217084948991284
8.96875 0.7217208520290191
8.984375 0.7217333412821225
9 0.7217459593510457
9.015625 0.7217587027793116
9.03125 0.7217715680332683
9.046875 0.7217845514693269
9.0625 0.7217976492434127
9.078125 0.7218108573773125
9.09375 0.7218241722906336
9.109375 0.7218375905414159
9.125 0.7218511088668099
9.140625 0.7218647242188914
9.15625 0.7218784336915136
9.171875 0.7218922347318909
9.1875 0.7219061249656247
9.203125 0.7219201023195628
9.21875 0.7219341650964741
9.234375 0.7219483119818448
9.25 0.7219625414754474
9.265625 0.7219768525877892
9.28125 0.7219912449512311
9.296875 0.722005718555976
9.3125 0.722020273599971
9.328125 0.7220349105559181
9.34375 0.7220496302652458
9.359375 0.7220644337703243
9.375 0.7220793223080372
9.390625 0.7220942972550818
9.40625 0.7221093601911258
9.421875 0.7221245126068004
9.4375 0.7221397555153649
9.453125 0.7221550904682322
9.46875 0.7221705189987427
9.484375 0.7221860425441651
9.5 0.7222016624059565
9.515625 0.7222173795997509
9.53125 0.7222331949513332
9.546875 0.7222491090514397
9.5625 0.722265122077303
9.578125 0.7222812338249386
9.59375 0.7222974436962504
9.609375 0.7223137502874538
9.625 0.7223301516206729
9.640625 0.7223466457249195
9.65625 0.7223632301142483
9.671875 0.7223799018619471
9.6875 0.7223966576366461
9.703125 0.7224134935951769
9.71875 0.7224304052807682
9.734375 0.7224473879801072
9.75 0.72246443618691
9.765625 0.7224815444627244
9.78125 0.7224987066928861
9.796875 0.7225159157401218
9.8125 0.722533164848409
9.828125 0.7225504471585263
9.84375 0.7225677556741832
9.859375 0.7225850831375152
9.875 0.722602422363418
9.890625 0.7226197660853021
9.90625 0.7226371070130782
9.921875 0.722654438022269
9.9375 0.7226717520511866
9.953125 0.7226890423008324
9.96875 0.7227063017842852
9.984375 0.7227235234973578
10 0.7227407013048174
10.015625 0.7227578297166093
10.03125 0.7227749034596348
10.046875 0.7227919175364653
10.0625 0.7228088674660755
10.078125 0.7228257493382092
10.09375 0.7228425596821895
10.109375 0.722859295220088
10.125 0.7228759533202641
10.140625 0.722892531602787
10.15625 0.7229090277494993
10.171875 0.7229254400746065
10.1875 0.7229417674469599
10.203125 0.7229580090623919
10.21875 0.7229741645404548
10.234375 0.7229902338232621
10.25 0.7230062169354518
10.265625 0.7230221141165658
10.28125 0.723037925787023
10.296875 0.7230536525326065
10.3125 0.7230692947376196
10.328125 0.7230848527234085
10.34375 0.7231003261091681
10.359375 0.7231157151299517
10.375 0.7231310199932037
10.390625 0.7231462406891086
10.40625 0.7231613769881065
10.421875 0.7231764284154454
10.4375 0.7231913941559975
10.453125 0.723206273291626
10.46875 0.7232210642216395
10.484375 0.7232357652289264
10.5 0.7232503742366001
10.515625 0.7232648882018267
10.53125 0.7232793037839611
10.546875 0.7232936176908418
10.5625 0.7233078263865754
10.578125 0.7233219259603106
10.59375 0.723335912228137
10.609375 0.7233497806642791
10.625 0.7233635264440635
10.640625 0.7233771444716329
10.65625 0.7233906296419111
10.671875 0.7234039766016263
10.6875 0.7234171795545424
10.703125 0.7234302319376222
10.71875 0.7234431278221723
10.734375 0.7234558613969698
10.75 0.7234684268450684
10.765625 0.723480818387424
10.78125 0.7234930303156049
10.796875 0.7235050569944013
10.8125 0.7235168928646779
10.828125 0.7235285325940195
10.84375 0.7235399709652044
10.859375 0.723551203014696
10.875 0.7235622236182994
10.890625 0.7235730275727112
10.90625 0.7235836104418654
10.921875 0.723593968161116
10.9375 0.7236040971944038
10.953125 0.7236139939866196
10.96875 0.7236236552233104
10.984375 0.7236330782573059
11 0.7236422602696196
11.015625 0.7236511988004771
11.03125 0.7236598916766012
11.046875 0.7236683367660587
11.0625 0.7236765318117394
11.078125 0.7236844753587997
11.09375 0.7236921659231433
11.109375 0.7236996024820779
11.125 0.7237067842361991
11.140625 0.7237137104849726
11.15625 0.7237203806782783
11.171875 0.7237267943998082
11.1875 0.7237329513704027
11.203125 0.7237388514480393
11.21875 0.7237444946127186
11.234375 0.7237498804229756
11.25 0.7237550084580607
11.265625 0.7237598789999355
11.28125 0.7237644923289553
11.296875 0.7237688487397754
11.3125 0.7237729486903
11.328125 0.7237767925342871
11.34375 0.723780381106369
11.359375 0.7237837143973713
11.375 0.7237867932885518
11.390625 0.723789618496283
11.40625 0.7237921905562448
11.421875 0.7237945095616826
11.4375 0.7237965763744237
11.453125 0.7237983918640524
11.46875 0.7237999570762326
11.484375 0.7238012730950592
11.5 0.7238023410998748
11.515625 0.7238031623210571
11.53125 0.7238037381331142
11.546875 0.7238040699926717
11.5625 0.7238041594369008
11.578125 0.7238040081205721
11.59375 0.7238036172897142
11.609375 0.7238029886057867
11.625 0.7238021241155462
11.640625 0.7238010260098771
11.65625 0.7237996965182135
11.671875 0.7237981380133657
11.6875 0.7237963530816677
11.703125 0.723794344346647
11.71875 0.7237921144562698
11.734375 0.723789666333298
11.75 0.7237870029047095
11.765625 0.7237841268582831
11.78125 0.7237810410515542
11.796875 0.7237777487666255
11.8125 0.7237742533887014
11.828125 0.7237705583399086
11.84375 0.7237666671465974
11.859375 0.7237625834142416
11.875 0.7237583107546874
11.890625 0.7237538529091285
11.90625 0.7237492135432136
11.921875 0.7237443963903543
11.9375 0.7237394050765336
11.953125 0.7237342430196944
11.96875 0.7237289140418118
11.984375 0.7237234219698725
12 0.7237177706127025
12.015625 0.7237119638131984
12.03125 0.723706005359474
12.046875 0.723699899006753
12.0625 0.7236936484677368
12.078125 0.7236872574298963
12.09375 0.7236807295057214
12.109375 0.7236740682344958
12.125 0.7236672767549979
12.140625 0.7236603585253527
12.15625 0.7236533169789536
12.171875 0.7236461554859667
12.1875 0.723638877328021
12.203125 0.7236314857230738
12.21875 0.7236239838269134
12.234375 0.7236163747144773
12.25 0.7236086613559104
12.265625 0.7236008467189157
12.28125 0.7235929336157462
12.296875 0.7235849244486204
12.3125 0.7235768218535275
12.328125 0.7235686284651012
12.34375 0.7235603468454447
12.359375 0.7235519794907522
12.375 0.7235435287996196
12.390625 0.7235349971403153
12.40625 0.7235263867847905
12.421875 0.7235176999463648
12.4375 0.723508938842233
12.453125 0.7235001055077381
12.46875 0.7234912015967296
12.484375 0.723482229063116
12.5 0.7234731898784589
12.515625 0.7234640858666123
12.53125 0.7234549188763794
12.546875 0.7234456907286912
12.5625 0.7234364031174432
12.578125 0.7234270577789911
12.59375 0.72341765637252
12.609375 0.7234082005129452
12.625 0.7233986917979592
12.640625 0.7233891315790557
12.65625 0.7233795209593328
12.671875 0.7233698615501242
12.6875 0.7233601550350878
12.703125 0.7233504028869069
12.71875 0.723340606672461
12.734375 0.7233307682209822
12.75 0.723320887816329
12.765625 0.7233109673787316
12.78125 0.7233010083318802
12.796875 0.7232910120311448
12.8125 0.7232809796785559
12.828125 0.7232709128017335
12.84375 0.7232608125849157
12.859375 0.723250680151995
12.875 0.7232405168256667
12.890625 0.7232303238783225
12.90625 0.723220102593368
12.921875 0.7232098542839376
12.9375 0.7231995801915859
12.953125 0.7231892816040216
12.96875 0.72317895978932
12.984375 0.7231686159241881
13 0.7231582510925547
13.015625 0.7231478665398399
13.03125 0.7231374635137675
13.046875 0.7231270432586198
13.0625 0.7231166070032179
13.078125 0.723106155992823
13.09375 0.7230956914483027
13.109375 0.7230852145844885
13.125 0.7230747266203035
13.140625 0.7230642287625435
13.15625 0.7230537221624452
13.171875 0.7230432078580701
13.1875 0.7230326870407345
13.203125 0.7230221609195386
13.21875 0.7230116306803298
13.234375 0.723001097497475
13.25 0.7229905625490289
13.265625 0.7229800270021225
13.28125 0.7229694919963057
13.296875 0.7229589587609396
13.3125 0.7229484283980376
13.328125 0.7229379019597545
13.34375 0.7229273804808688
13.359375 0.722916865075409
13.375 0.722906356845736
13.390625 0.7228958568981648
13.40625 0.7228853663303081
13.421875 0.7228748862257426
13.4375 0.7228644176604527
13.453125 0.7228539617033696
13.46875 0.7228435193973405
13.484375 0.7228330917812701
13.5 0.7228226798680077
13.515625 0.7228122845677469
13.53125 0.72280190686951
13.546875 0.7227915477718647
13.5625 0.7227812082604157
13.578125 0.7227708893075465
13.59375 0.722760591872494
13.609375 0.7227503169011102
13.625 0.7227400653255082
13.640625 0.7227298380635636
13.65625 0.7227196360189367
13.671875 0.722709460074849
13.6875 0.7226993110240099
13.703125 0.7226891897065099
13.71875 0.7226790969744668
13.734375 0.7226690336651623
13.75 0.7226590006055238
13.765625 0.7226489986389093
13.78125 0.7226390285352011
13.796875 0.7226290910371002
13.8125 0.7226191868532608
13.828125 0.7226093167590931
13.84375 0.7225994815400952
13.859375 0.7225896818412829
13.875 0.7225799183180749
13.890625 0.7225701916671737
13.90625 0.7225605025333615
13.921875 0.7225508515935495
13.9375 0.7225412394846003
13.953125 0.7225316668240369
13.96875 0.7225221342132152
13.984375 0.7225126422470642
14 0.7225031914995076
14.015625 0.7224937825284579
14.03125 0.7224844158351305
14.046875 0.7224750919154936
14.0625 0.7224658112836005
14.078125 0.7224565744375845
14.09375 0.7224473818597247
14.109375 0.722438234016521
14.125 0.7224291313587837
14.140625 0.722420074321719
14.15625 0.7224110633249409
14.171875 0.7224020987725959
14.1875 0.7223931810531801
14.203125 0.7223843105164985
14.21875 0.7223754874896451
14.234375 0.7223667123209422
14.25 0.7223579853446762
14.265625 0.7223493068744189
14.28125 0.7223406772117931
14.296875 0.7223320966441324
14.3125 0.7223235654398482
14.328125 0.7223150838716587
14.34375 0.7223066521844338
14.359375 0.7222982706094563
14.375 0.7222899393522022
14.390625 0.722281658588487
14.40625 0.7222734285118317
14.421875 0.7222652493041145
14.4375 0.7222571211333288
14.453125 0.7222490441542262
14.46875 0.7222410185054594
14.484375 0.7222330443211123
14.5 0.7222251217592455
14.515625 0.7222172508866361
14.53125 0.72220943179984
14.546875 0.7222016645789057
14.5625 0.7221939492723156
14.578125 0.7221862859409617
14.59375 0.7221786746374738
14.609375 0.7221711154036285
14.625 0.7221636082705936
14.640625 0.7221561532591575
14.65625 0.7221487503799452
14.671875 0.7221413996336287
14.6875 0.7221341010111061
14.703125 0.7221268544937277
14.71875 0.7221196600512459
14.734375 0.7221125176273862
14.75 0.7221054271735203
14.765625 0.7220983886373354
14.78125 0.7220914019574138
14.796875 0.722084467049411
14.8125 0.7220775838436183
14.828125 0.7220707522556752
14.84375 0.7220639721910487
14.859375 0.7220572435534549
14.875 0.7220505662330201
14.890625 0.7220439401125019
14.90625 0.7220373650545578
14.921875 0.7220308409246831
14.9375 0.7220243675878899
14.953125 0.7220179449024841
14.96875 0.7220115727211847
14.984375 0.7220052508905859
15 0.721998979250889
15.015625 0.7219927576367309
15.03125 0.721986585877251
15.046875 0.7219804637962165
15.0625 0.7219743912122065
15.078125 0.7219683679304063
15.09375 0.7219623937531302
15.109375 0.7219564684857976
15.125 0.7219505919287457
15.140625 0.7219447638779578
15.15625 0.7219389841253417
15.171875 0.7219332524587317
15.1875 0.7219275686620423
15.203125 0.7219219325154129
15.21875 0.7219163437953396
15.234375 0.7219108022748325
15.25 0.7219053077193883
15.265625 0.7218998598881882
15.28125 0.7218944585449897
15.296875 0.7218891034509253
15.3125 0.7218837943642552
15.328125 0.7218785310406185
15.34375 0.7218733132331051
15.359375 0.7218681406922891
15.375 0.7218630131663185
15.390625 0.7218579304010867
15.40625 0.7218528921388092
15.421875 0.7218478981533194
15.4375 0.721842948151267
15.453125 0.7218380418422042
15.46875 0.7218331789812209
15.484375 0.7218283593159449
15.5 0.7218235825704281
15.515625 0.7218188484903387
15.53125 0.7218141568002123
15.546875 0.7218095072297012
15.5625 0.7218048995085733
15.578125 0.7218003333654212
15.59375 0.7217958085272975
15.609375 0.7217913247158849
15.625 0.7217868816563768
15.640625 0.7217824790745911
15.65625 0.7217781166957556
15.671875 0.7217737942445893
15.6875 0.7217695114453802
15.703125 0.7217652680220606
15.71875 0.7217610636982795
15.734375 0.7217568981974706
15.75 0.7217527712429115
15.765625 0.7217486825577092
15.78125 0.721744631861614
15.796875 0.7217406188762906
15.8125 0.7217366433254079
15.828125 0.7217327049327882
15.84375 0.7217288034224624
15.859375 0.7217249385187262
15.875 0.721721109946186
15.890625 0.7217173174299617
15.90625 0.7217135606962526
15.921875 0.7217098394704954
15.9375 0.7217061534787897
15.953125 0.7217025024463314
15.96875 0.7216988860985966
15.984375 0.7216953041639982
16 0.7216917563718898
16.015625 0.7216882424526734
16.03125 0.7216847621366409
16.046875 0.721681315155136
16.0625 0.7216779012404816
16.078125 0.7216745201258817
16.09375 0.7216711715454504
16.109375 0.7216678552342329
16.125 0.7216645709274961
16.140625 0.7216613183600955
16.15625 0.7216580972701362
16.171875 0.7216549073969301
16.1875 0.7216517484808709
16.203125 0.7216486202634579
16.21875 0.7216455224873216
16.234375 0.7216424548962483
16.25 0.7216394172352024
16.265625 0.721636409250344
16.28125 0.7216334306890522
16.296875 0.7216304812997025
16.3125 0.7216275608303743
16.328125 0.721624669031989
16.34375 0.721621805657143
16.359375 0.7216189704597264
16.375 0.7216161631949366
16.390625 0.7216133836192548
16.40625 0.721610631489964
16.421875 0.7216079065664545
16.4375 0.7216052086132271
16.453125 0.7216025373885108
16.46875 0.7215998926561642
16.484375 0.7215972741799607
16.5 0.7215946817256976
16.515625 0.7215921150612142
16.53125 0.7215895739557753
16.546875 0.7215870581800841
16.5625 0.721584567506293
16.578125 0.7215821017080093
16.59375 0.7215796605603045
16.609375 0.7215772438397184
16.625 0.7215748513242641
16.640625 0.7215724827934304
16.65625 0.7215701380275827
16.671875 0.7215678168084136
16.6875 0.7215655189199602
16.703125 0.721563244147754
16.71875 0.7215609922788206
16.734375 0.7215587631016791
16.75 0.7215565564063461
16.765625 0.7215543719843331
16.78125 0.7215522096286477
16.796875 0.7215500691337848
16.8125 0.7215479502956802
16.828125 0.7215458529131155
16.84375 0.721543776783008
16.859375 0.7215417217047725
16.875 0.7215396874814143
16.890625 0.7215376739165136
16.90625 0.7215356808151719
16.921875 0.7215337079839701
16.9375 0.7215317552309317
16.953125 0.7215298223655693
16.96875 0.7215279091988778
16.984375 0.7215260155433276
17 0.7215241412127992
17.015625 0.7215222860220856
17.03125 0.7215204497879532
17.046875 0.7215186323287983
17.0625 0.7215168334644704
17.078125 0.7215150530162723
17.09375 0.7215132908069533
17.109375 0.7215115466607033
17.125 0.721509820403151
17.140625 0.7215081118613559
17.15625 0.7215064208638027
17.171875 0.7215047472403913
17.1875 0.7215030908220463
17.203125 0.7215014514412643
17.21875 0.7214998289322159
17.234375 0.721498223130466
17.25 0.7214966338729675
17.265625 0.7214950609980593
17.28125 0.7214935043454498
17.296875 0.721491963756225
17.3125 0.7214904390728654
17.328125 0.7214889301391512
17.34375 0.7214874368002177
17.359375 0.721485958902375
17.375 0.7214844962931338
17.390625 0.721483048821668
17.40625 0.7214816163384774
17.421875 0.7214801986953721
17.4375 0.7214787957454661
17.453125 0.7214774073431712
17.46875 0.7214760333441863
17.484375 0.7214746736054928
17.5 0.7214733279853449
17.515625 0.7214719963432614
17.53125 0.7214706785399583
17.546875 0.7214693744371725
17.5625 0.7214680838981565
17.578125 0.7214668067874346
17.59375 0.7214655429707603
17.609375 0.7214642923151003
17.625 0.7214630546886336
17.640625 0.7214618299607398
17.65625 0.721460618001991
17.671875 0.7214594186841455
17.6875 0.7214582318801378
17.703125 0.7214570574640597
17.71875 0.7214558953109623
17.734375 0.7214547452971958
17.75 0.72145360730034
17.765625 0.7214524811991097
17.78125 0.7214513668733477
17.796875 0.7214502642040215
17.8125 0.7214491730732254
17.828125 0.7214480933640989
17.84375 0.7214470249607496
17.859375 0.7214459677487695
17.875 0.7214449216145418
17.890625 0.7214438864454477
17.90625 0.7214428621299366
17.921875 0.7214418485576436
17.9375 0.7214408456192498
17.953125 0.7214398532064732
17.96875 0.7214388712120622
17.984375 0.7214378995297865
18 0.7214369380544294
18.015625 0.721435986681779
18.03125 0.7214350453086228
18.046875 0.7214341138327338
18.0625 0.7214331921528255
18.078125 0.7214322801684988
18.09375 0.7214313777804515
18.109375 0.7214304848903486
18.125 0.7214296014008046
18.140625 0.7214287272153744
18.15625 0.7214278622385479
18.171875 0.721427006375741
18.1875 0.7214261595332893
18.203125 0.721425321618439
18.21875 0.7214244925393377
18.234375 0.7214236722050188
18.25 0.7214228605253105
18.265625 0.7214220574110077
18.28125 0.7214212627738056
18.296875 0.7214204765262653
18.3125 0.7214196985818025
18.328125 0.7214189288546857
18.34375 0.7214181672600279
18.359375 0.7214174137137777
18.375 0.7214166681327115
18.390625 0.721415930434427
18.40625 0.7214152005373374
18.421875 0.7214144783605946
18.4375 0.7214137638241787
18.453125 0.7214130568489088
18.46875 0.72141235735639
18.484375 0.7214116652690056
18.5 0.7214109805099114
18.515625 0.721410303003028
18.53125 0.7214096326730339
18.546875 0.7214089694453593
18.5625 0.7214083132461779
18.578125 0.7214076640024045
18.59375 0.7214070216416508
18.609375 0.7214063860922312
18.625 0.7214057572832356
18.640625 0.7214051351444674
18.65625 0.7214045196064326
18.671875 0.7214039106003358
18.6875 0.7214033080580758
18.703125 0.721402711912236
18.71875 0.7214021220960779
18.734375 0.7214015385435366
18.75 0.7214009611892146
18.765625 0.7214003899683639
18.78125 0.7213998248168524
18.796875 0.7213992656712411
18.8125 0.7213987124687417
18.828125 0.7213981651472016
18.84375 0.7213976236450987
18.859375 0.7213970879015352
18.875 0.7213965578562316
18.890625 0.7213960334495217
18.90625 0.7213955146223447
18.921875 0.7213950013162431
18.9375 0.7213944934733504
18.953125 0.721393991036359
18.96875 0.7213934939485652
18.984375 0.7213930021538616
19 0.721392515596712
19.015625 0.7213920342221509
19.03125 0.7213915579757723
19.046875 0.7213910868037282
19.0625 0.7213906206527209
19.078125 0.7213901594700002
19.09375 0.7213897032033558
19.109375 0.7213892518011132
19.125 0.7213888052121121
19.140625 0.7213883633857104
19.15625 0.721387926271813
19.171875 0.7213874938208384
19.1875 0.7213870659837172
19.203125 0.7213866427118838
19.21875 0.7213862239572719
19.234375 0.7213858096723136
19.25 0.7213853998099297
19.265625 0.7213849943235269
19.28125 0.7213845931669939
19.296875 0.7213841962946873
19.3125 0.721383803661421
19.328125 0.7213834152224978
19.34375 0.7213830309336844
19.359375 0.7213826507512072
19.375 0.7213822746317431
19.390625 0.7213819025324162
19.40625 0.7213815344107909
19.421875 0.7213811702249204
19.4375 0.7213808099332242
19.453125 0.7213804534945817
19.46875 0.7213801008682996
19.484375 0.7213797520140895
19.5 0.7213794068920958
19.515625 0.7213790654628828
19.53125 0.7213787276874257
19.546875 0.721378393527106
19.5625 0.7213780629437078
19.578125 0.7213777358994141
19.59375 0.7213774123567995
19.609375 0.7213770922788318
19.625 0.7213767756288639
19.640625 0.7213764623706304
19.65625 0.7213761524682373
19.671875 0.7213758458861649
19.6875 0.7213755425892766
19.703125 0.7213752425428019
19.71875 0.7213749457123321
19.734375 0.7213746520638222
19.75 0.7213743615635813
19.765625 0.7213740741782732
19.78125 0.7213737898749095
19.796875 0.7213735086208487
19.8125 0.7213732303837921
19.828125 0.7213729551317741
19.84375 0.7213726828331597
19.859375 0.7213724134566561
19.875 0.7213721469712988
19.890625 0.7213718833464514
19.90625 0.7213716225517989
19.921875 0.7213713645573422
19.9375 0.7213711093334
19.953125 0.7213708568506048
19.96875 0.7213706070798953
19.984375 0.7213703599925192
20 0.7213701155600222
