-40 0
-39.6039603960396 0
-39.2118419762768 0
-38.8236059171058 0
-38.4392137793127 0
-38.0586275042699 0
-37.6818094101683 0
-37.3087221882854 0
-36.9393288992925 0
-36.5735929695965 0
-36.2114781877193 0
-35.8529487007122 0
-35.4979690106061 0
-35.1465039708972 0
-34.7985187830665 0
-34.4539789931351 0
-34.1128504882526 0
-33.7750994933194 0
-33.440692567643 0
-33.1095966016267 0
-32.7817788134918 0
-32.4572067460315 0
-32.1358482633975 0
-31.8176715479183 0
-31.5026450969488 0
-31.1907377197513 0
-30.8819185344073 0
-30.5761569647597 0
-30.2734227373858 0
-29.9736858785998 0
-29.676916711485 0
-29.3830858529554 0
-29.0921642108469 0
-28.8041229810366 0
-28.5189336445907 0
-28.2365679649412 0
-27.9569979850903 0
-27.6801960248419 0
-27.4061346780613 0
-27.1347868099617 0
-26.8661255544175 0
-26.6001243113045 0
-26.3367567438658 0
-26.0759967761048 0
-25.8178185902027 0
-25.5621966239631 0
-25.3091055682803 0
-25.058520364634 0
-24.8104162026079 0
-24.5647685174336 0
-24.321552987558 0
-24.0807455322356 0
-23.8423223091442 0
-23.6062597120239 0
-23.3725343683405 0
-23.1411231369708 0
-22.9120031059117 0
-22.6851515900116 0
-22.4605461287243 0
-22.2381644838855 0
-22.0179846375104 0
-21.7999847896142 0
-21.5841433560537 0
-21.3704389663898 0
-21.1588504617721 0
-20.9493568928436 0
-20.741937517667 0
-20.5365717996703 0
-20.3332394056141 0
-20.1319202035783 0
-19.9325942609687 0
-19.7352418425432 0
-19.5398434084586 0
-19.3463796123353 0
-19.1548312993419 0
-18.9651795042989 0
-18.7774054498009 0
-18.5914905443573 0
-18.4074163805518 0
-18.2251647332196 0
-18.0447175576431 0
-17.8660569877655 0
-17.6891653344213 0
-17.5140250835854 0
-17.340618894639 0
-17.1689295986525 0
-16.9989401966857 0
-16.8306338581046 0
-16.6639939189155 0
-16.4990038801143 0
-16.3356474060538 0
-16.1739083228255 0
-16.0137706166589 0
-15.8552184323356 0
-15.6982360716194 0
-15.5428079917024 0
-15.3889188036657 0
-15.2365532709561 0
-15.0856963078774 0
-14.9363329780964 0
-14.7884484931648 0
-14.6420282110542 0
-14.4970576347071 0
-14.3535224106011 0
-14.2114083273278 0
-14.070701314186 0
-13.9313874397881 0
-13.7934529106813 0
-13.6568840699815 0
-13.5216673960213 0
-13.3877895010112 0
-13.255237129714 0
-13.1239971581327 0
-12.9940565922106 0
-12.8654025665451 0
-12.738022343114 0
-12.6119033100138 0
-12.4870329802117 0
-12.3633989903086 0
-12.2409890993155 0
-12.1197911874411 0
-11.9997932548922 0
-11.8809834206853 0
-11.7633499214706 0
-11.6468811103669 0
-11.5315654558088 0
-11.4173915404048 0
-11.3043480598067 0
-11.1924238215908 0
-11.0816077441493 0
-10.9718888555934 0
-10.8632562926667 0
-10.75569929967 0
-10.6492072273961 0
-10.5437695320753 0
-10.439375774332 0
-10.3360156181505 0
-10.233678829852 0
-10.1323552770812 0
-10.0320349278031 0
-9.93270784931002 0
-9.834364207237639 0
-9.736994264591729 0
-9.640588380783891 0
-9.54513701067712 0
-9.45063070364071 0
-9.357060102614559 0
-9.26441594318274 0
-9.172689052656169 0
-9.081870349164531 0
-8.99195084075696 0
-8.902921624511841 0
-8.81477388565529 0
-8.727498896688401 0
-8.64108801652317 0
-8.555532689626901 0
-8.47082444517515 0
-8.38695489621302 0
-8.30391573882477 0
-8.221698751311649 0
-8.14029579337787 0
-8.059698805324629 0
-7.97989980725211 0
-7.90089089826941 0
-7.82266425571229 0
-7.7452121343686 0
-7.66852686571149 0
-7.59260085714009 0
-7.51742659122781 0
-7.44299662497803 0
-7.36930358908716 0
-7.29634018721501 0
-7.22409919526238 0
-7.15257346065582 0
-7.08175590163943 0
-7.01163950657369 0
-6.94221733324128 0
-6.87348250815968 0
-6.80542822590068 0
-6.73804774841651 0
-6.67133440437278 0
-6.60528158848791 0
-6.53988276087911 0
-6.47513144641496 0
-6.41102123407422 0
-6.34754577631111 0
-6.28469878842684 0
-6.22247404794737 0
-6.16086539400729 0
-6.0998667267399 0
-6.03947200667316 0
-5.97967525413184 0
-5.92047054864539 0
-5.86185202836177 0
-5.8038138894671 0
-5.74635038561099 0
-5.68945582733762 0
-5.63312458152239 0
-5.57735107081425 0
-5.52212977308341 0
-5.46745522087467 0
-5.41332200086601 0
-5.35972475333268 0
-5.30665817161651 0
-5.25411700160051 0
-5.20209604118862 0
-5.15059013979072 0
-5.09959419781259 0
-5.04910316615108 0
-4.99911204569414 0
-4.94961588682588 0
-4.90060978893651 0
-4.85208889993714 0
-4.80404841577935 0
-4.75648357997955 0
-4.70938968314807 0
-4.66276206252284 0
-4.61659610150777 0
-4.57088722921561 0
-4.52563092001545 0
-4.48082269308461 0
-4.43645811196496 0
-4.39253278412372 0
-4.34904236051854 0
-4.30598253516687 0
-4.26334904471967 0
-4.22113766803928 0
-4.17934422578146 0
-4.13796457998165 0
-4.09699463364519 0
-4.05643033034178 0
-4.01626765380374 0
-3.97650262752845 0
-3.93713131438461 0
-3.89814981622238 0
-3.85955427348751 0
-3.82134086483912 0
-3.7835058067714 0
-3.74604535323901 0
-3.70895579528615 0
-3.67223346067936 0
-3.63587471354392 0
-3.59987595400388 0
-3.56423361782562 0
-3.52894417606497 0
-3.4940041347178 0
-3.45941003437406 0
-3.4251584498753 0
-3.39124598997555 0
-3.35766929700549 0
-3.32442504654009 0
-3.2915099470694 0
-3.25892073967267 0
-3.22665419769571 0
-3.1947071264314 0
-3.16307636280337 0
-3.13175877505284 0
-3.10075126242855 0
-3.07005075487975 0
-3.03965421275223 0
-3.00955862648736 0
-2.97976101632412 0
-2.95025843200408 0
-2.92104795247928 0
-2.89212668562305 0
-2.86349176794362 0
-2.83514036430061 0
-2.80706966762437 0
-2.77927689863799 0
-2.75175930558217 0
-2.72451416394274 0
-2.69753877618093 0
-2.67083047146627 0
-2.64438660541214 0
-2.618204559814 0
-2.5922817423901 0
-2.56661558652486 0
-2.54120355101471 0
-2.51604311981654 0
-2.49113180179856 0
-2.46646713049362 0
-2.44204666385507 0
-2.41786798401492 0
-2.39392869704448 0
-2.3702264327173 0
-2.34675884427456 0
-2.32352360819263 0
-2.3005184239531 0
-2.27774101381495 0
-2.25518912258906 0
-2.23286051741491 0
-2.21075298753952 0
-2.18886434409853 0
-2.16719241989954 0
-2.14573506920746 0
-2.12449016753214 0
-2.10345561141796 0
-2.0826293182356 0
-2.06200922597584 0
-2.04159329304539 0
-2.02137949806474 0
-2.00136583966806 0
-1.98155033630501 0
-1.96193102604457 0
-1.94250596638076 0
-1.92327323404036 0
-1.90423092479243 0
-1.88537715325983 0
-1.86671005273251 0
-1.84822777498268 0
-1.82992849008186 0
-1.81181038621967 0
-1.79387166952442 0
-1.77611056388557 0
-1.75852531077779 0
-1.74111416908692 0
-1.72387541493754 0
-1.70680734152232 0
-1.68990825893299 0
-1.67317649399306 0
-1.65661039009214 0
-1.64020830702192 0
-1.62396862081378 0
-1.607889723578 0
-1.59197002334456 0
-1.5762079439055 0
-1.56060192465891 0
-1.54515042045437 0
-1.52985190143997 0
-1.51470485291086 0
-1.49970777515927 0
-1.48485918332601 0
-1.47015760725347 0
-1.45560159134007 0
-1.44118969439611 0
-1.4269204895011 0
-1.41279256386247 0
-1.39880451867572 0
-1.38495496898586 0
-1.37124254355036 0
-1.36445421412684 0
-1.35766588470332 0
-1.35094476646222 0
-1.34422364822111 0
-1.33756907570517 0
-1.33091450318922 0
-1.32432581752987 0
-1.31773713187051 0
-1.31121368072264 0
-1.30469022957477 0
-1.29823136705212 0
-1.29177250452947 0
-1.28537759114071 0
-1.28218013444633 0
-1.27898267775195 0
-1.27581687904464 0
-1.27265108033733 0
-1.26948528163003 0
-1.26631948292272 0
-1.26318502875707 0
-1.26005057459142 0
-1.25691612042577 0
-1.25534889334295 0
-1.25378166626012 0
-1.25067824629413 0
-1.24757482632814 0
-1.24447140636215 0
-1.24136798639616 0
-1.23522260032489 0
-1.22907721425363 0
-1.22299267358901 0
-1.21690813292438 0
-1.20485953754889 0
-1.19293023519692 0
-1.18111904474943 0
-1.16942479678161 0
-1.15784633344714 0
-1.14638250836351 0
-1.13503218649852 0
-1.12379424405794 0
-1.1126675683742 0
-1.10165105779624 0
-1.09074362158043 0
-1.07994417978261 0
-1.0692516631511 0
-1.05866501302089 0
-1.0481831812088 0
-1.0378051299097 0
-1.02752983159376 0
-1.01735626890472 0
-1.00728343455913 0
-0.997310331246659 0
-0.987435971531345 0
-0.977659377753807 0
-0.967979581934463 0
-0.958395625677686 0
-0.948906560076917 0
-0.93951144562071 0
-0.930209352099712 0
-0.92560435530714 0
-0.920999358514567 0
-0.916439955749644 0
-0.91188055298472 0
-0.907366292821429 0
-0.902852032658138 0
-0.898382468140029 0
-0.893912903621919 0
-0.891700247919885 0
-0.88948759221785 0
-0.887274936515815 0
-0.885062280813781 0
-0.882871532593945 0
-0.880680784374109 0
-0.878490036154273 0
-0.876299287934437 0
-0.874130230291035 0
-0.871961172647633 0
-0.867623057360828 0
-0.863327893710527 0
-0.859032730060226 0
-0.8547800927827 0
-0.8505274555051739 0
-0.842106391589282 0
-0.833768704543843 0
-0.82551356885529 0
-0.817340167183456 0
-0.809247690280649 0
-0.801235336911534 0
-0.793302313773796 0
-0.7854478354195999 0
-0.777671124177822 0
-0.7699714100770511 0
-0.762347930769357 0
-0.7547999314548089 0
-0.747326664806742 0
-0.739927390897764 0
-0.732601377126499 0
-0.725347898145049 0
-0.718166235787177 0
-0.711055678997205 0
-0.704015523759609 0
-0.697045073029316 0
-0.690143636662689 0
-0.6833105313491969 0
-0.6765450805437589 0
-0.669846614399762 0
-0.663214469702734 0
-0.656647989804688 0
-0.650146524559097 0
-0.643709430256531 0
-0.637336069560922 0
-0.631025811446457 0
-0.624778031135106 0
-0.618592110034759 0
-0.612467435677979 0
-0.606403401661365 0
-0.60039940758551 0
-0.5944548589955549 0
-0.588569167322331 0
-0.582741749824091 0
-0.576972029528803 0
-0.571259435177032 0
-0.565603401165378 0
-0.560003367490474 0
-0.554458779693538 0
-0.548969088805484 0
-0.543533751292558 0
-0.538152229002533 0
-0.532823989111418 0
-0.527548504070711 0
-0.52232525155516 0
-0.517153714411049 0
-0.512033380604999 0
-0.506963743173267 0
-0.501944300171551 0
-0.496974554625298 0
-0.492054014480493 0
-0.487182192554944 0
-0.482358606490043 0
-0.477582778703013 0
-0.472854236339617 0
-0.468172511227344 0
-0.463537139829053 0
-0.458947663197082 0
-0.454403626927804 0
-0.449904581116638 0
-0.445450080313503 0
-0.441039683478716 0
-0.436672953939322 0
-0.432349459345864 0
-0.428068771629568 0
-0.423830466959968 0
-0.419634125702939 0
-0.415479332379147 0
-0.411365675622918 0
-0.407292748141503 0
-0.403260146674756 0
-0.399267471955204 0
-0.395314328668518 0
-0.391400325414375 0
-0.387525074667698 0
-0.383688192740295 0
-0.379889299742866 0
-0.376128019547392 0
-0.372403979749893 0
-0.368716811633558 0
-0.365066150132235 0
-0.361451633794292 0
-0.357872904746824 0
-0.354329608660222 0
-0.350821394713091 0
-0.347347915557516 0
-0.343908827284669 0
-0.340503789390762 0
-0.337132464743328 0
-0.33379451954785 0
-0.330489623314703 0
-0.327217448826438 0
-0.323977672105385 0
-0.320769972381569 0
-0.317594032060959 0
-0.314449536694019 0
-0.311336174944573 0
-0.308253638558984 0
-0.305201622335627 0
-0.30217982409468 0
-0.299187944648198 0
-0.296225687770494 0
-0.293292760168805 0
-0.290388871454263 0
-0.287513734113132 0
-0.284667063478348 0
-0.281848577701335 0
-0.279057997724094 0
-0.276295047251578 0
-0.273559452724335 0
-0.27085094329142 0
-0.268169250783585 0
-0.265514109686717 0
-0.262885257115562 0
-0.260282432787685 0
-0.257705378997708 0
-0.25515384059179 0
-0.252627564942366 0
-0.250126301923135 0
-0.247649803884292 0
-0.245197825628012 0
-0.24277012438417 0
-0.240366459786307 0
-0.237986593847829 0
-0.235630290938444 0
-0.233297317760836 0
-0.23098744332756 0
-0.228700438938179 0
-0.226436078156613 0
-0.224194136788725 0
-0.221974392860124 0
-0.219776626594182 0
-0.217600620390279 0
-0.215446158802257 0
-0.213313028517086 0
-0.211201018333748 0
-0.209109919142325 0
-0.207039523903292 0
-0.204989627627022 0
-0.202960027353487 0
-0.200950522132166 0
-0.198960913002144 0
-0.19699100297242 0
-0.195040597002396 0
-0.19310950198257 0
-0.191197526715416 0
-0.189304481896452 0
-0.187430180095497 0
-0.185574435738115 0
-0.183737065087243 0
-0.181917886224993 0
-0.180116719034647 0
-0.178333385182818 0
-0.1765677081018 0
-0.17481951297208 0
-0.173088626705029 0
-0.171374877925772 0
-0.169678096956209 0
-0.167998115798227 0
-0.166334768117057 0
-0.164687889224809 0
-0.163057316064167 0
-0.161442887192244 0
-0.159844442764598 0
-0.158261824519404 0
-0.156694875761787 0
-0.155143441348303 0
-0.153607367671588 0
-0.152086502645136 0
-0.150580695688254 0
-0.149089797711142 0
-0.147613661100141 0
-0.14615213970311 0
-0.14470508881496 0
-0.143272365163327 0
-0.141853826894383 0
-0.140449333558795 0
-0.139058746097817 0
-0.137681926829522 0
-0.13631873943517 0
-0.134969048945713 0
-0.133632721728429 0
-0.132309625473692 0
-0.130999629181873 0
-0.129702603150369 0
-0.128418418960762 0
-0.127146949466101 0
-0.125888068778317 0
-0.12464165225576 0
-0.123407576490851 0
-0.122185719297873 0
-0.120975959700864 0
-0.119778177921647 0
-0.118592255367968 0
-0.11741807462175 0
-0.116255519427476 0
-0.115104474680669 0
-0.113964826416504 0
-0.112836461798519 0
-0.111719269107444 0
-0.110613137730143 0
-0.109517958148656 0
-0.108433621929363 0
-0.10736002171224 0
-0.106297051200238 0
-0.10524460514875 0
-0.104202579355198 0
-0.103170870648711 0
-0.102149376879912 0
-0.101137996910804 0
-0.100136630604756 0
-0.0991451788165905 0
-0.0981635433827629 0
-0.0971916271116464 0
-0.0962293337739073 0
-0.0952765680929776 0
-0.0943332357356213 0
-0.0933992433025954 0
-0.0924744983194014 0
-0.0915589092271301 0
-0.09065238537339609 0
-0.08975483700336249 0
-0.0888661752508539 0
-0.0879863121295584 0
-0.0871151605243152 0
-0.0862526341824903 0
-0.085398647705436 0
-0.0845531165400356 0
-0.08371595697033229 0
-0.08288708610923989 0
-0.0820664218903365 0
-0.0812538830597391 0
-0.08044938916805849 0
-0.0796528605624342 0
-0.0788642183786477 0
-0.07808338453331461 0
-0.07731028171615301 0
-0.0765448333823297 0
-0.07578696374488091 0
-0.07503659776720881 0
-0.07429366115565229 0
-0.073558080352131 0
-0.0728297825268624 0
-0.0721086955711509 0
-0.0713947480902484 0
-0.0706878693962855 0
-0.0699879895012728 0
-0.0692950391101711 0
-0.0686089496140308 0
-0.0679296530831988 0
-0.06725708226059279 0
-0.06659117055504241 0
-0.0659318520346955 0
-0.0652790614204906 0
-0.0646327340796936 0
-0.0639928060194986 0
-0.0633592138806917 0
-0.0627318949313779 0
-0.0621107870607702 0
-0.0614958287730398 0
-0.0608869591812276 0
-0.0602841180012154 0
-0.0596872455457578 0
-0.0590962827185721 0
-0.0585111710084872 0
-0.0579318524836507 0
-0.0573582697857928 0
-0.0567903661245473 0
-0.056228085271829 0
-0.0556713715562664 0
-0.0551201698576895 0
-0.0545744256016727 0
-0.0540340847541314 0
-0.0534990938159717 0
-0.0529693998177938 0
-0.0524449503146473 0
-0.0519256933808389 0
-0.051411577604791 0
-0.0509025520839515 0
-0.0503985664197539 0
-0.0498995707126277 0
-0.0494055155570571 0
-0.0489163520366902 0
-0.0484320317194952 0
-0.0479525066529656 0
-0.0474777293593719 0
-0.0470076528310613 0
-0.0465422305258032 0
-0.0460814163621814 0
-0.0456251647150311 0
-0.0451734304109219 0
-0.044726168723685 0
-0.0442833353699852 0
-0.0438448865049358 0
-0.0434107787177582 0
-0.0429809690274834 0
-0.0425554148786964 0
-0.0421340741373232 0
-0.0417169050864586 0
-0.0413038664222363 0
-0.0408949172497389 0
-0.0404900170789494 0
-0.0400891258207419 0
-0.0396922037829128 0
-0.0392992116662503 0
-0.0389101105606439 0
-0.0385248619412316 0
-0.0381434276645857 0
-0.0377657699649363 0
-0.037391851450432 0
-0.0370216350994376 0
-0.036655084256869 0
-0.0362921626305633 0
-0.0359328342876865 0
-0.0355770636511747 0
-0.0352248154962126 0
-0.0348760549467451 0
-0.0345307474720249 0
-0.0341888588831929 0
-0.033850355329894 0
-0.0335152032969248 0
-0.0331833696009156 0
-0.0328548213870451 0
-0.0325295261257873 0
-0.0322074516096904 0
-0.0318885659501885 0
-0.031572837574444 0
-0.0312602352222218 0
-0.0309507279427939 0
-0.0306442850918751 0
-0.0303408763285892 0
-0.0300404716124646 0
-0.02974304120046 0
-0.0294485556440198 0
-0.0291569857861582 0
-0.0288683027585725 0
-0.0285824779787846 0
-0.0282994831473115 0
-0.0280192902448629 0
-0.0277418715295672 0
-0.027467199534225 0
-0.0271952470635891 0
-0.0269259871916724 0
-0.0266593932590815 0
-0.0263954388703778 0
-0.0261340978914631 0
-0.0258753444469932 0
-0.025619152917815 0
-0.0253654979384307 0
-0.0251143543944859 0
-0.024865697420283 0
-0.0246195023963198 0
-0.0243757449468513 0
-0.0241344009374766 0
-0.0238954464727491 0
-0.023658857893811 0
-0.0234246117760505 0
-0.0231926849267826 0
-0.0229630543829531 0
-0.0227356974088645 0
-0.0225105914939252 0
-0.022287714350421 0
-0.0220670439113079 0
-0.0218485583280276 0
-0.0216322359683442 0
-0.0214180554142022 0
-0.0212059954596061 0
-0.0209960351085209 0
-0.020788153572793 0
-0.0205823302700921 0
-0.0203785448218733 0
-0.0201767770513597 0
-0.0199770069815443 0
-0.0197792148332122 0
-0.0195833810229823 0
-0.0193894861613687 0
-0.0191975110508601 0
-0.0190074366840199 0
-0.0188192442416038 0
-0.0186329150906968 0
-0.0184484307828682 0
-0.0182657730523447 0
-0.0180849238142027 0
-0.0179058651625769 0
-0.017728579368888 0
-0.0175530488800872 0
-0.017379256316918 0
-0.017207184472196 0
-0.017036816309105 0
-0.0168681349595099 0
-0.016701123722287 0
-0.0165357660616703 0
-0.0163720456056142 0
-0.0162099461441724 0
-0.0160494516278935 0
-0.0158905461662312 0
-0.0157332140259715 0
-0.0155774396296747 0
-0.0154232075541334 0
-0.0152705025288449 0
-0.0151193094344999 0
-0.0149696133014851 0
-0.0148213993084011 0
-0.0146746527805951 0
-0.014529359188708 0
-0.0143855041472357 0
-0.0142430734131046 0
-0.014102052884262 0
-0.0139624285982792 0
-0.0138241867309695 0
-0.0136873135950193 0
-0.013551795638633 0
-0.0134176194441911 0
-0.0132847717269219 0
-0.013153239333586 0
-0.0130230092411743 0
-0.0128940685556181 0
-0.012766404510513 0
-0.0126400044658544 0
-0.0125148559067866 0
-0.0123909464423629 0
-0.0122682638043197 0
-0.0121467958458611 0
-0.0120265305404566 0
-0.0119074559806501 0
-0.0117895603768812 0
-0.0116728320563181 0
-0.0115572594617011 0
-0.0114428311501991 0
-0.0113295357922763 0
-0.0112173621705706 0
-0.0111062991787828 0
-0.010996335820577 0
-0.0108874612084921 0
-0.0107796645628634 0
-0.0106729352107559 0
-0.0105672625849068 0
-0.01046263622268 0
-0.0103590457650297 0
-0.010256480955475 0
-0.0101549316390841 0
-0.0100543877614694 0
-0.00995483936779152 0
-0.009856276601773781 0
-0.009758689704726511 0
-0.00966206901458071 0
-0.009566404964931391 0
-0.00947168808409049 0
-0.009377908994149 0
-0.00928505841004851 0
-0.00919312713866189 0
-0.00910210607788306 0
-0.0090119862157258 0
-0.008922758629431491 0
-0.008834414484585631 0
-0.008746945034243199 0
-0.008660341618062581 0
-0.0085745956614481 0
-0.00848969867470108 0
-0.008405642252179289 0
-0.00832241807146464 0
-0.00824001789253925 0
-0.00815843355696956 0
-0.00807765698709857 0
-0.00799768018524611 0
-0.00791849523291694 0
-0.00784009429001677 0
-0.00776246959407601 0
-0.0076856134594812 0
-0.00760951827671406 0
-0.00753417651159808 0
-0.00745958070455255 0
-0.00738572346985401 0
-0.00731259749490496 0
-0.00724019553950986 0
-0.00716851043515828 0
-0.00709753508431513 0
-0.00702726245971795 0
-0.00695768560368114 0
-0.00688879762740707 0
-0.00682059171030403 0
-0.00675306109931092 0
-0.00668619910822863 0
-0.00661999911705805 0
-0.0065544545713446 0
-0.00648955898152931 0
-0.00642530592230625 0
-0.00636168903198638 0
-0.00629870201186771 0
-0.00623633862561159 0
-0.00617459269862534 0
-0.00611345811745083 0
-0.00605292882915924 0
-0.00599299884075172 0
-0.00593366221856606 0
-0.00587491308768917 0
-0.00581674563137541 0
-0.0057591540904707 0
-0.00570213276284228 0
-0.00564567600281414 0
-0.00558977822060806 0
-0.00553443388179016 0
-0.00547963750672293 0
-0.0054253836700227 0
-0.00537166700002248 0
-0.00531848217824008 0
-0.00526582393885156 0
-0.00521368706816986 0
-0.00516206640412858 0
-0.00511095683577087 0
-0.00506035330274343 0
-0.00501025079479548 0
-0.00496064435128265 0
-0.00491152906067589 0
-0.00486290006007514 0
-0.00481475253472786 0
-0.00476708171755234 0
-0.00471988288866568 0
-0.00467315137491651 0
-0.00462688254942229 0
-0.00458107183111118 0
-0.00453571468426849 0
-0.00449080661808762 0
-0.00444634318622536 0
-0.00440231998636175 0
-0.00435873265976411 0
-0.00431557689085555 0
-0.00427284840678767 0
-0.0042305429770175 0
-0.00418865641288861 0
-0.00414718456721645 0
-0.00410612333387767 0
-0.00406546864740364 0
-0.00402521648257786 0
-0.00398536285403748 0
-0.0039459038158787 0
-0.00390683546126603 0
-0.00386815392204558 0
-0.00382985536836196 0
-0.00379193600827917 0
-0.00375439208740512 0
-0.00371721988851992 0
-0.00368041573120784 0
-0.00364397597149291 0
-0.00360789700147813 0
-0.00357217524898825 0
-0.00353680717721609 0
-0.00350178928437236 0
-0.00346711810333897 0
-0.00343279020132572 0
-0.00339880217953041 0
-0.00336515067280239 0
-0.00333183234930929 0
-0.00329884391020722 0
-0.00326618208931408 0
-0.00323384365278622 0
-0.00320182539879824 0
-0.00317012415722598 0
-0.00313873678933265 0
-0.00310766018745807 0
-0.00307689127471096 0
-0.00304642700466432 0
-0.00301626436105378 0
-0.00298640035747899 0
-0.00295683203710791 0
-0.00292755647238407 0
-0.0028985707647367 0
-0.00286987204429376 0
-0.00284145746959779 0
-0.00281332422732454 0
-0.0027854695320045 0
-0.00275789062574703 0
-0.00273058477796735 0
-0.00270354928511619 0
-0.00267678147041207 0
-0.00265027868357631 0
-0.0026240383005706 0
-0.00259805772333723 0
-0.00257233437954181 0
-0.00254686572231862 0
-0.00252164923001844 0
-0.00249668240595885 0
-0.00247196277817708 0
-0.00244748789918523 0
-0.00242325534572795 0
-0.00239926271854252 0
-0.00237550764212131 0
-0.00235198776447654 0
-0.00232870075690747 0
-0.00230564431376977 0
-0.0022828161522473 0
-0.00226021401212604 0
-0.00223783565557034 0
-0.00221567886690132 0
-0.00219374145237755 0
-0.00217202123997777 0
-0.00215051607918591 0
-0.00212922384077813 0
-0.00210814241661201 0
-0.00208726971941783 0
-0.00206660368259191 0
-0.00204614225999199 0
-0.00202588342573464 0
-0.0020058251739947 0
-0.00198596551880663 0
-0.00196630249386795 0
-0.00194683415234451 0
-0.00192755856667773 0
-0.00190847382839379 0
-0.00188957804791465 0
-0.00187086935437094 0
-0.00185234589541677 0
-0.0018340058370463 0
-0.00181584736341218 0
-0.00179786867664573 0
-0.00178006799667894 0
-0.00176244356106825 0
-0.00174499362482005 0
-0.00172771646021787 0
-0.00171061035665136 0
-0.00169367362044689 0
-0.00167690457469989 0
-0.00166030155910881 0
-0.0016438629298107 0
-0.00162758705921851 0
-0.00161147233585991 0
-0.00159551716421774 0
-0.00157971996457202 0
-0.00156407917284358 0
-0.00154859324043919 0
-0.00153326063409821 0
-0.0015180798357408 0
-0.00150304934231762 0
-0.00148816766566101 0
-0.00147343333233764 0
-0.00145884488350261 0
-0.00144440087475506 0
-0.00143009987599511 0
-0.00141594047128228 0
-0.00140192125869533 0
-0.0013880408501934 0
-0.00137429787147861 0
-0.00136069096186001 0
-0.00134721877411882 0
-0.00133387997437507 0
-0.00132067324195552 0
-0.00130759726926289 0
-0.00129465076164642 0
-0.00128183243727369 0
-0.00126914102700365 0
-0.00125657527426104 0
-0.00124413393491192 0
-0.00123181577714052 0
-0.00121961958132724 0
-0.00120754413992796 0
-0.00119558825735442 0
-0.00118375074985586 0
-0.00117203044540184 0
-0.00116042618356618 0
-0.00114893681541206 0
-0.00113756120337828 0
-0.00112629822116661 0
-0.00111514675363031 0
-0.00110410569666367 0
-0.00109317395709274 0
-0.00108235045256707 0
-0.00107163411145255 0
-0.00106102387272529 0
-0.00105051868586663 0
-0.00104011751075904 0
-0.00102981931758321 0
-0.00101962308671605 0
-0.00100952780862975 0
-0.00099953248379183 0
-0.0009896361225661681 0
-0.000979837745115018 0
-0.000970136381301998 0
-0.000960531070596037 0
-0.000951020861976275 0
-0.000941604813837896 0
-0.0009322819938989071 0
-0.000923051479107828 0
-0.000913912355552305 0
-0.000904863718368619 0
-0.000895904671652098 0
-0.000887034328368414 0
-0.000878251810265756 0
-0.000869556247787878 0
-0.000860946779987997 0
-0.0008524225544435619 0
-0.000843982727171843 0
-0.00083562646254638 0
-0.000827352933214237 0
-0.000819161320014096 0
-0.000811050811895145 0
-0.000803020605836777 0
-0.000795069906769086 0
-0.000787197927494145 0
-0.000779403888608064 0
-0.000771687018423826 0
-0.000764046552894877 0
-0.000756481735539482 0
-0.000748991817365824 0
-0.000741576056797845 0
-0.000734233719601827 0
-0.00072696407881369 0
-0.00071976641466702 0
-0.000712640014521802 0
-0.000705584172793863 0
-0.000698598190885013 0
-0.000691681377113875 0
-0.0006848330466474 0
-0.00067805252143307 0
-0.000671339130131752 0
-0.00066469220805124 0
-0.000658111097080435 0
-0.0006515951456241939 0
-0.000645143708538805 0
-0.000638756147068124 0
-0.000632431828780321 0
-0.000626170127505268 0
-0.000619970423272543 0
-0.000613832102250043 0
-0.00060775455668321 0
-0.000601737184834862 0
-0.000595779390925606 0
-0.000589880585074857 0
-0.000584040183242433 0
-0.000578257607170726 0
-0.000572532284327451 0
-0.000566863647848961 0
-0.00056125113648412 0
-0.000555694194538733 0
-0.000550192271820528 0
-0.000544744823584681 0
-0.000539351310479882 0
-0.000534011198494933 0
-0.000528723958905874 0
-0.0005234890682236369 0
-0.000518306008142215 0
-0.000513174265487342 0
-0.000508093332165685 0
-0.00050306270511454 0
-0.0004980818862520199 0
-0.000493150382427742 0
-0.000488267705374002 0
-0.000483433371657428 0
-0.000478646902631117 0
-0.000473907824387244 0
-0.000469215667710143 0
-0.000464569968029844 0
-0.000459970265376083 0
-0.000455416104332756 0
-0.000450907033992828 0
-0.000446442607913691 0
-0.000442022384072961 0
-0.000437645924824714 0
-0.000433312796856152 0
-0.000429022571144705 0
-0.00042477482291555 0
-0.000420569131599554 0
-0.000416405080791638 0
-0.000412282258209542 0
-0.000408200255653012 0
-0.000404158668963379 0
-0.000400157097983543 0
-0.00039619514651836 0
-0.000392272422295405 0
-0.000388388536926144 0
-0.000384543105867469 0
-0.000380735748383633 0
-0.000376966087508547 0
-0.000373233750008463 0
-0.000369538366345013 0
-0.000365879570638626 0
-0.000362257000632303 0
-0.000358670297655746 0
-0.000355119106589847 0
-0.000351603075831532 0
-0.000348121857258943 0
-0.000344675106196973 0
-0.000341262481383142 0
-0.000337883644933803 0
-0.000334538262310697 0
-0.000331226002287818 0
-0.000327946536918632 0
-0.000324699541503596 0
-0.000321484694558016 0
-0.000318301677780214 0
-0.000315150176020014 0
-0.000312029877247538 0
-0.000308940472522315 0
-0.000305881655962688 0
-0.000302853124715533 0
-0.00029985457892627 0
-0.000296885721709178 0
-0.000293946259117998 0
-0.00029103590011683 0
-0.000288154356551317 0
-0.000285301343120116 0
-0.000282476577346649 0
-0.000279679779551138 0
-0.000276910672822909 0
-0.000274168982992979 0
-0.00027145443860691 0
-0.00026876677089793 0
-0.000266105713760327 0
-0.000263471003723096 0
-0.000260862379923858 0
-0.000258279584083027 0
-0.000255722360478245 0
-0.000253190455919054 0
-0.000250683619721836 0
-0.000248201603684986 0
-0.000245744162064343 0
-0.000243311051548854 0
-0.000240902031236489 0
-0.000238516862610385 0
-0.000236155309515233 0
-0.000233817138133894 0
-0.000231502116964252 0
-0.000229210016796289 0
-0.000226940610689395 0
-0.000224693673949896 0
-0.000222468984108808 0
-0.00022026632089981 0
-0.000218085466237435 0
-0.000215926204195481 0
-0.000213788320985624 0
-0.000211671604936262 0
-0.000209575846471546 0
-0.00020750083809064 0
-0.000205446374347168 0
-0.000203412251828879 0
-0.000201398269137504 0
-0.000199404226868816 0
-0.000197429927592887 0
-0.000195475175834542 0
-0.000193539778054002 0
-0.000191623542627725 0
-0.00018972627982943 0
-0.000187847801811317 0
-0.000185987922585462 0
-0.000184146458005408 0
-0.000182323225747929 0
-0.000180518045294979 0
-0.000178730737915821 0
-0.000176961126649328 0
-0.000175209036286463 0
-0.000173474293352934 0
-0.000171756726092014 0
-0.000170056164447538 0
-0.000168372440047068 0
-0.000166705386185215 0
-0.000165054837807144 0
-0.000163420631492222 0
-0.000161802605437843 0
-0.000160200599443409 0
-0.000158614454894465 0
-0.000157044014746995 0
-0.000155489123511876 0
-0.000153949627239481 0
-0.000152425373504437 0
-0.000150916211390531 0
-0.000149421991475774 0
-0.000147942565817598 0
-0.000146477787938216 0
-0.000145027512810114 0
-0.000143591596841697 0
-0.000142169897863067 0
-0.000140762275111947 0
-0.00013936858921975 0
-0.000137988702197772 0
-0.000136622477423537 0
-0.000135269779627264 0
-0.000133930474878479 0
-0.000132604430572752 0
-0.000131291515418566 0
-0.000129991599424323 0
-0.000128704553885468 0
-0.000127430251371751 0
-0.000126168565714605 0
-0.000124919371994658 0
-0.000123682546529364 0
-0.000122457966860757 0
-0.000121245511743324 0
-0.000120045061132003 0
-0.0001188564961703 0
-0.000117679699178515 0
-0.000116514553642094 0
-0.000115360944200093 0
-0.000114218756633756 0
-0.000113087877855204 0
-0.000111968195896241 0
-0.000110859599897269 0
-0.000109761980096306 0
-0.000108675227818124 0
-0.00010759923546349 0
-0.000106533896498505 0
-0.000105479105444064 0
-0.00010443475786541 0
-0.000103400750361792 0
-0.00010237698055623 0
-0.000101363347085376 0
-0.000100359749589481 0
-9.93660887024564e-05 0
-9.838226604203611e-05 0
-9.74081842000357e-05 0
-9.64437467327086e-05 0
-9.548885815119661e-05 0
-9.45434239120759e-05 0
-9.36073504079959e-05 0
-9.26805449584118e-05 0
-9.17629158004077e-05 0
-9.08543720796116e-05 0
-8.995482384119961e-05 0
-8.90641820209897e-05 0
-8.81823584366235e-05 0
-8.730926577883521e-05 0
-8.64448176028071e-05 0
-8.5588928319611e-05 0
-8.474151318773359e-05 0
-8.39024883046868e-05 0
-8.307177059869981e-05 0
-8.22492778204948e-05 0
-8.143492853514339e-05 0
-8.062864211400339e-05 0
-7.9830338726736e-05 0
-7.9039939333402e-05 0
-7.82573656766356e-05 0
-7.74825402738966e-05 0
-7.671538640979859e-05 0
-7.59558281285135e-05 0
-7.5203790226251e-05 0
-7.44591982438129e-05 0
-7.37219784592207e-05 0
-7.299205788041651e-05 0
-7.22693642380361e-05 0
-7.155382597825361e-05 0
-7.084537225569659e-05 0
-7.01439329264323e-05 0
-6.944943854102211e-05 0
-6.876182033764561e-05 0
-6.80810102352927e-05 0
-6.74069408270225e-05 0
-6.673954537328961e-05 0
-6.607875779533621e-05 0
-6.54245126686497e-05 0
-6.477674521648491e-05 0
-6.41353913034504e-05 0
-6.350038742915879e-05 0
-6.28716707219394e-05 0
-6.22491789326132e-05 0
-6.16328504283299e-05 0
-6.10226241864653e-05 0
-6.04184397885795e-05 0
-5.98202374144351e-05 0
-5.92279578360744e-05 0
-5.86415424119548e-05 0
-5.80609330811434e-05 0
-5.74860723575677e-05 0
-5.69169033243245e-05 0
-5.6353369628044e-05 0
-5.57954154733109e-05 0
-5.52429856171395e-05 0
-5.46960253635045e-05 0
-5.41544805579252e-05 0
-5.36182975821042e-05 0
-5.3087423348618e-05 0
-5.25618052956614e-05 0
-5.2041391381843e-05 0
-5.15261300810327e-05 0
-5.10159703772601e-05 0
-5.05108617596634e-05 0
-5.00107542174885e-05 0
-4.95155982351372e-05 0
-4.90253447872645e-05 0
-4.85399453339253e-05 0
-4.80593518157676e-05 0
-4.75835166492748e-05 0
-4.71123927220543e-05 0
-4.66459333881726e-05 0
-4.61840924635372e-05 0
-4.5726824221324e-05 0
-4.52740833874495e-05 0
-4.48258251360886e-05 0
-4.43820050852362e-05 0
-4.39425792923131e-05 0
-4.35075042498149e-05 0
-4.30767368810049e-05 0
-4.26502345356484e-05 0
-4.22279549857905e-05 0
-4.18098564215747e-05 0
-4.13958974471037e-05 0
-4.09860370763403e-05 0
-4.05802347290498e-05 0
-4.0178450226782e-05 0
-3.97806437888931e-05 0
-3.9386776028607e-05 0
-3.89968079491158e-05 0
-3.86107009397186e-05 0
-3.82284167719987e-05 0
-3.78499175960383e-05 0
-3.74751659366716e-05 0
-3.71041246897738e-05 0
-3.67367571185879e-05 0
-3.63730268500871e-05 0
-3.60128978713733e-05 0
-3.56563345261122e-05 0
-3.53033015110022e-05 0
-3.49537638722794e-05 0
-3.46076870022568e-05 0
-3.42650366358979e-05 0
-3.39257788474236e-05 0
-3.35898800469541e-05 0
-3.32573069771823e-05 0
-3.29280267100814e-05 0
-3.2602006643645e-05 0
-3.22792144986584e-05 0
-3.19596183155034e-05 0
-3.16431864509934e-05 0
-3.1329887575241e-05 0
-3.10196906685555e-05 0
-3.07125650183718e-05 0
-3.04084802162097e-05 0
-3.0107406154663e-05 0
-2.98093130244188e-05 0
-2.95141713113058e-05 0
-2.92219517933721e-05 0
-2.89326255379921e-05 0
-2.86461638990021e-05 0
-2.83625385138635e-05 0
-2.80817213008549e-05 0
-2.7803684456292e-05 0
-2.75284004517743e-05 0
-2.72558420314597e-05 0
-2.6985982209366e-05 0
-2.6718794266699e-05 0
-2.64542517492069e-05 0
-2.61923284645613e-05 0
-2.59329984797637e-05 0
-2.56762361185779e-05 0
-2.5422015958988e-05 0
-2.51703128306812e-05 0
-2.49211018125557e-05 0
-2.46743582302531e-05 0
-2.4430057653716e-05 0
-2.41881758947683e-05 0
-2.39486890047211e-05 0
-2.37115732720011e-05 0
-2.3476805219803e-05 0
-2.32443616037654e-05 0
-2.30142194096687e-05 0
-2.27863558511571e-05 0
-2.25607483674823e-05 0
-2.23373746212696e-05 0
-2.21162124963065e-05 0
-2.1897240095353e-05 0
-2.16804357379733e-05 0
-2.14657779583894e-05 0
-2.12532455033558e-05 0
-2.10428173300553e-05 0
-2.08344726040151e-05 0
-2.06281906970447e-05 0
-2.04239511851927e-05 0
-2.02217338467255e-05 0
-2.00215186601242e-05 0
-1.98232858021032e-05 0
-1.96270156456467e-05 0
-1.94326887580661e-05 0
-1.92402858990753e-05 0
-1.90497880188865e-05 0
-1.88611762563232e-05 0
-1.86744319369537e-05 0
-1.84895365712413e-05 0
-1.83064718527141e-05 0
-1.81252196561526e-05 0
-1.79457620357947e-05 0
-1.77680812235591e-05 0
-1.75921596272862e-05 0
-1.74179798289962e-05 0
-1.72455245831646e-05 0
-1.70747768150145e-05 0
-1.69057196188262e-05 0
-1.67383362562636e-05 0
-1.65726101547164e-05 0
-1.64085249056598e-05 0
-1.62460642630295e-05 0
-1.60852121416134e-05 0
-1.59259526154588e-05 0
-1.57682699162958e-05 0
-1.56121484319761e-05 0
-1.54575727049268e-05 0
-1.53045274306206e-05 0
-1.515299745606e-05 0
-1.50029677782772e-05 0
-1.48544235428487e-05 0
-1.47073500424245e-05 0
-1.45617327152718e-05 0
-1.44175571438334e-05 0
-1.42748090533004e-05 0
-1.41334743101984e-05 0
-1.39935389209886e-05 0
-1.38549890306817e-05 0
-1.37178109214671e-05 0
-1.35819910113535e-05 0
-1.34475158528253e-05 0
-1.33143721315102e-05 0
-1.31825466648616e-05 0
-1.3052026400853e-05 0
-1.29227984166862e-05 0
-1.27948499175111e-05 0
-1.26681682351595e-05 0
-1.25427408268906e-05 0
-1.24185552741491e-05 0
-1.22955992813357e-05 0
-1.21738606745898e-05 0
-1.2053327400584e-05 0
-1.19339875253307e-05 0
-1.18158292330007e-05 0
-1.16988408247531e-05 0
-1.15830107175774e-05 0
-1.14683274431459e-05 0
-1.13547796466791e-05 0
-1.12423560858209e-05 0
-1.11310456295256e-05 0
-1.10208372569561e-05 0
-1.09117200563922e-05 0
-1.08036832241506e-05 0
-1.06967160635155e-05 0
-1.05908079836787e-05 0
-1.04859484986918e-05 0
-1.03821272264275e-05 0
-1.0279333887552e-05 0
-1.01775583045069e-05 0
-1.00767904005019e-05 0
-9.977020198516739e-06 0
-9.878237820313601e-06 0
-9.780433485459009e-06 0
-9.68359751035546e-06 0
-9.587720307282629e-06 0
-9.492792383448151e-06 0
-9.39880434004767e-06 0
-9.30574687133433e-06 0
-9.21361076369735e-06 0
-9.12238689474986e-06 0
-9.0320662324256e-06 0
-8.942639834084751e-06 0
-8.85409884562847e-06 0
-8.76643450062225e-06 0
-8.679638119427971e-06 0
-8.593701108344519e-06 0
-8.508614958756951e-06 0
-8.42437124629401e-06 0
-8.34096162999407e-06 0
-8.25837785147928e-06 0
-8.1766117341379e-06 0
-8.09565518231475e-06 0
-8.01550018050966e-06 0
-7.93613879258382e-06 0
-7.85756316097408e-06 0
-7.77976550591493e-06 0
-7.702738124668249e-06 0
-7.62647339076064e-06 0
-7.55096375322836e-06 0
-7.47620173586966e-06 0
-7.40217993650461e-06 0
-7.32889102624219e-06 0
-7.25632774875465e-06 0
-7.18448291955906e-06 0
-7.113349425306e-06 0
-7.04292022307524e-06 0
-6.97318833967846e-06 0
-6.90414687096877e-06 0
-6.8357889811572e-06 0
-6.76810790213584e-06 0
-6.70109693280776e-06 0
-6.63474943842353e-06 0
-6.56905884992428e-06 0
-6.50401866329137e-06 0
-6.43962243890235e-06 0
-6.37586380089341e-06 0
-6.31273643652813e-06 0
-6.25023409557241e-06 0
-6.18835058967565e-06 0
-6.12707979175807e-06 0
-6.06641563540403e-06 0
-6.00635211426141e-06 0
-5.94688328144694e-06 0
-5.88800324895737e-06 0
-5.82970618708651e-06 0
-5.77198632384803e-06 0
-5.71483794440399e-06 0
-5.658255390499e-06 0
-5.6022330599e-06 0
-5.54676540584158e-06 0
-5.49184693647681e-06 0
-5.43747221433348e-06 0
-5.38363585577572e-06 0
-5.33033253047101e-06 0
-5.27755696086239e-06 0
-5.22530392164593e-06 0
-5.17356823925339e-06 0
-5.12234479133999e-06 0
-5.07162850627722e-06 0
-5.02141436265071e-06 0
-4.97169738876308e-06 0
-4.92247266214166e-06 0
-4.87373530905115e-06 0
-4.82548050401104e-06 0
-4.77770346931786e-06 0
-4.73039947457214e-06 0
-4.68356383621004e-06 0
-4.63719191703965e-06 0
-4.59127912578183e-06 0
-4.54582091661567e-06 0
-4.50081278872839e-06 0
-4.45625028586969e-06 0
-4.41212899591058e-06 0
-4.36844455040652e-06 0
-4.32519262416487e-06 0
-4.2823689348167e-06 0
-4.23996924239277e-06 0
-4.19798934890374e-06 0
-4.15642509792449e-06 0
-4.11527237418267e-06 0
-4.07452710315115e-06 0
-4.03418525064471e-06 0
-3.9942428224205e-06 0
-3.95469586378268e-06 0
-3.91554045919077e-06 0
-3.87677273187205e-06 0
-3.83838884343767e-06 0
-3.80038499350264e-06 0
-3.76275741930955e-06 0
-3.72550239535599e-06 0
-3.68861623302573e-06 0
-3.6520952802235e-06 0
-3.61593592101336e-06 0
-3.58013457526076e-06 0
-3.54468769827798e-06 0
-3.50959178047324e-06 0
-3.47484334700321e-06 0
-3.44043895742892e-06 0
-3.40637520537517e-06 0
-3.37264871819324e-06 0
-3.33925615662697e-06 0
-3.30619421448215e-06 0
-3.27345961829915e-06 0
-3.24104912702887e-06 0
-3.20895953171175e-06 0
-3.17718765516015e-06 0
-3.14573035164371e-06 0
-3.11458450657793e-06 0
-3.08374703621577e-06 0
-3.05321488734235e-06 0
-3.02298503697262e-06 0
-2.9930544920521e-06 0
-2.9634202891605e-06 0
-2.93407949421831e-06 0
-2.90502920219635e-06 0
-2.87626653682807e-06 0
-2.84778865032482e-06 0
-2.81959272309388e-06 0
-2.79167596345929e-06 0
-2.76403560738544e-06 0
-2.7366689182034e-06 0
-2.70957318634e-06 0
-2.68274572904951e-06 0
-2.65618389014803e-06 0
-2.62988503975052e-06 0
-2.60384657401042e-06 0
-2.5780659148618e-06 0
-2.55254050976416e-06 0
-2.52726783144966e-06 0
-2.50224537767293e-06 0
-2.4774706709633e-06 0
-2.4529412583795e-06 0
-2.42865471126683e-06 0
-2.40460862501667e-06 0
-2.38080061882838e-06 0
-2.35722833547365e-06 0
-2.33388944106302e-06 0
-2.31078162481487e-06 0
-2.2879025988266e-06 0
-2.26525009784812e-06 0
-2.24282187905755e-06 0
-2.22061572183915e-06 0
-2.19862942756352e-06 0
-2.17686081936982e-06 0
-2.15530774195032e-06 0
-2.13396806133695e-06 0
-2.11283966469005e-06 0
-2.09192046008916e-06 0
-2.0712083763259e-06 0
-2.05070136269891e-06 0
-2.0303973888108e-06 0
-2.01029444436713e-06 0
-1.99039053897736e-06 0
-1.97068370195778e-06 0
-1.95117198213641e-06 0
-1.93185344765982e-06 0
-1.9127261858018e-06 0
-1.89378830277406e-06 0
-1.87503792353867e-06 0
-1.85647319162245e-06 0
-1.83809226893311e-06 0
-1.81989333557734e-06 0
-1.80187458968054e-06 0
-1.78403424720845e-06 0
-1.76637054179055e-06 0
-1.74888172454509e-06 0
-1.73156606390603e-06 0
-1.71442184545152e-06 0
-1.69744737173418e-06 0
-1.68064096211305e-06 0
-1.66400095258717e-06 0
-1.64752569563087e-06 0
-1.63121356003056e-06 0
-1.61506293072333e-06 0
-1.59907220863696e-06 0
-1.58323981053164e-06 0
-1.56756416884321e-06 0
-1.55204373152793e-06 0
-1.53667696190884e-06 0
-1.52146233852361e-06 0
-1.50639835497387e-06 0
-1.49148351977611e-06 0
-1.47671635621397e-06 0
-1.46209540219205e-06 0
-1.44761921009113e-06 0
-1.43328634662489e-06 0
-1.41909539269791e-06 0
-1.40504494326525e-06 0
-1.39113360719332e-06 0
-1.3773600071221e-06 0
-1.36372277932881e-06 0
-1.35022057359288e-06 0
-1.33685205306226e-06 0
-1.32361589412105e-06 0
-1.31051078625847e-06 0
-1.29753543193907e-06 0
-1.28468854647433e-06 0
-1.27196885789538e-06 0
-1.25937510682711e-06 0
-1.24690604636347e-06 0
-1.23456044194403e-06 0
-1.22233707123171e-06 0
-1.2102347239918e-06 0
-1.19825220197208e-06 0
-1.18638831878423e-06 0
-1.17464189978637e-06 0
-1.1630117819667e-06 0
-1.15149681382842e-06 0
-1.14009585527566e-06 0
-1.12880777750065e-06 0
-1.11763146287194e-06 0
-1.1065658048237e-06 0
-1.09560970774624e-06 0
-1.08476208687746e-06 0
-1.07402186819551e-06 0
-1.06338798831238e-06 0
-1.0528593943687e-06 0
-1.0424350439294e-06 0
-1.0321139048806e-06 0
-1.02189495532732e-06 0
-1.0117771834924e-06 0
-1.00175958761624e-06 0
1.00175958761624e-06 0
1.0117771834924e-06 0
1.02189495532732e-06 0
1.0321139048806e-06 0
1.0424350439294e-06 0
1.0528593943687e-06 0
1.06338798831238e-06 0
1.07402186819551e-06 0
1.08476208687746e-06 0
1.09560970774624e-06 0
1.1065658048237e-06 0
1.11763146287194e-06 0
1.12880777750065e-06 0
1.14009585527566e-06 0
1.15149681382842e-06 0
1.1630117819667e-06 0
1.17464189978637e-06 0
1.18638831878423e-06 0
1.19825220197208e-06 0
1.2102347239918e-06 0
1.22233707123171e-06 0
1.23456044194403e-06 0
1.24690604636347e-06 0
1.25937510682711e-06 0
1.27196885789538e-06 0
1.28468854647433e-06 0
1.29753543193907e-06 0
1.31051078625847e-06 0
1.32361589412105e-06 0
1.33685205306226e-06 0
1.35022057359288e-06 0
1.36372277932881e-06 0
1.3773600071221e-06 0
1.39113360719332e-06 0
1.40504494326525e-06 0
1.41909539269791e-06 0
1.43328634662489e-06 0
1.44761921009113e-06 0
1.46209540219205e-06 0
1.47671635621397e-06 0
1.49148351977611e-06 0
1.50639835497387e-06 0
1.52146233852361e-06 0
1.53667696190884e-06 0
1.55204373152793e-06 0
1.56756416884321e-06 0
1.58323981053164e-06 0
1.59907220863696e-06 0
1.61506293072333e-06 0
1.63121356003056e-06 0
1.64752569563087e-06 0
1.66400095258717e-06 0
1.68064096211305e-06 0
1.69744737173418e-06 0
1.71442184545152e-06 0
1.73156606390603e-06 0
1.74888172454509e-06 0
1.76637054179055e-06 0
1.78403424720845e-06 0
1.80187458968054e-06 0
1.81989333557734e-06 0
1.83809226893311e-06 0
1.85647319162245e-06 0
1.87503792353867e-06 0
1.89378830277406e-06 0
1.9127261858018e-06 0
1.93185344765982e-06 0
1.95117198213641e-06 0
1.97068370195778e-06 0
1.99039053897736e-06 0
2.01029444436713e-06 0
2.0303973888108e-06 0
2.05070136269891e-06 0
2.0712083763259e-06 0
2.09192046008916e-06 0
2.11283966469005e-06 0
2.13396806133695e-06 0
2.15530774195032e-06 0
2.17686081936982e-06 0
2.19862942756352e-06 0
2.22061572183915e-06 0
2.24282187905755e-06 0
2.26525009784812e-06 0
2.2879025988266e-06 0
2.31078162481487e-06 0
2.33388944106302e-06 0
2.35722833547365e-06 0
2.38080061882838e-06 0
2.40460862501667e-06 0
2.42865471126683e-06 0
2.4529412583795e-06 0
2.4774706709633e-06 0
2.50224537767293e-06 0
2.52726783144966e-06 0
2.55254050976416e-06 0
2.5780659148618e-06 0
2.60384657401042e-06 0
2.62988503975052e-06 0
2.65618389014803e-06 0
2.68274572904951e-06 0
2.70957318634e-06 0
2.7366689182034e-06 0
2.76403560738544e-06 0
2.79167596345929e-06 0
2.81959272309388e-06 0
2.84778865032482e-06 0
2.87626653682807e-06 0
2.90502920219635e-06 0
2.93407949421831e-06 0
2.9634202891605e-06 0
2.9930544920521e-06 0
3.02298503697262e-06 0
3.05321488734235e-06 0
3.08374703621577e-06 0
3.11458450657793e-06 0
3.14573035164371e-06 0
3.17718765516015e-06 0
3.20895953171175e-06 0
3.24104912702887e-06 0
3.27345961829915e-06 0
3.30619421448215e-06 0
3.33925615662697e-06 0
3.37264871819324e-06 0
3.40637520537517e-06 0
3.44043895742892e-06 0
3.47484334700321e-06 0
3.50959178047324e-06 0
3.54468769827798e-06 0
3.58013457526076e-06 0
3.61593592101336e-06 0
3.6520952802235e-06 0
3.68861623302573e-06 0
3.72550239535599e-06 0
3.76275741930955e-06 0
3.80038499350264e-06 0
3.83838884343767e-06 0
3.87677273187205e-06 0
3.91554045919077e-06 0
3.95469586378268e-06 0
3.9942428224205e-06 0
4.03418525064471e-06 0
4.07452710315115e-06 0
4.11527237418267e-06 0
4.15642509792449e-06 0
4.19798934890374e-06 0
4.23996924239277e-06 0
4.2823689348167e-06 0
4.32519262416487e-06 0
4.36844455040652e-06 0
4.41212899591058e-06 0
4.45625028586969e-06 0
4.50081278872839e-06 0
4.54582091661567e-06 0
4.59127912578183e-06 0
4.63719191703965e-06 0
4.68356383621004e-06 0
4.73039947457214e-06 0
4.77770346931786e-06 0
4.82548050401104e-06 0
4.87373530905115e-06 0
4.92247266214166e-06 0
4.97169738876308e-06 0
5.02141436265071e-06 0
5.07162850627722e-06 0
5.12234479133999e-06 0
5.17356823925339e-06 0
5.22530392164593e-06 0
5.27755696086239e-06 0
5.33033253047101e-06 0
5.38363585577572e-06 0
5.43747221433348e-06 0
5.49184693647681e-06 0
5.54676540584158e-06 0
5.6022330599e-06 0
5.658255390499e-06 0
5.71483794440399e-06 0
5.77198632384803e-06 0
5.82970618708651e-06 0
5.88800324895737e-06 0
5.94688328144694e-06 0
6.00635211426141e-06 0
6.06641563540403e-06 0
6.12707979175807e-06 0
6.18835058967565e-06 0
6.25023409557241e-06 0
6.31273643652813e-06 0
6.37586380089341e-06 0
6.43962243890235e-06 0
6.50401866329137e-06 0
6.56905884992428e-06 0
6.63474943842353e-06 0
6.70109693280776e-06 0
6.76810790213584e-06 0
6.8357889811572e-06 0
6.90414687096877e-06 0
6.97318833967846e-06 0
7.04292022307524e-06 0
7.113349425306e-06 0
7.18448291955906e-06 0
7.25632774875465e-06 0
7.32889102624219e-06 0
7.40217993650461e-06 0
7.47620173586966e-06 0
7.55096375322836e-06 0
7.62647339076064e-06 0
7.702738124668249e-06 0
7.77976550591493e-06 0
7.85756316097408e-06 0
7.93613879258382e-06 0
8.01550018050966e-06 0
8.09565518231475e-06 0
8.1766117341379e-06 0
8.25837785147928e-06 0
8.34096162999407e-06 0
8.42437124629401e-06 0
8.508614958756951e-06 0
8.593701108344519e-06 0
8.679638119427971e-06 0
8.76643450062225e-06 0
8.85409884562847e-06 0
8.942639834084751e-06 0
9.0320662324256e-06 0
9.12238689474986e-06 0
9.21361076369735e-06 0
9.30574687133433e-06 0
9.39880434004767e-06 0
9.492792383448151e-06 0
9.587720307282629e-06 0
9.68359751035546e-06 0
9.780433485459009e-06 0
9.878237820313601e-06 0
9.977020198516739e-06 0
1.00767904005019e-05 0
1.01775583045069e-05 0
1.0279333887552e-05 0
1.03821272264275e-05 0
1.04859484986918e-05 0
1.05908079836787e-05 0
1.06967160635155e-05 0
1.08036832241506e-05 0
1.09117200563922e-05 0
1.10208372569561e-05 0
1.11310456295256e-05 0
1.12423560858209e-05 0
1.13547796466791e-05 0
1.14683274431459e-05 0
1.15830107175774e-05 0
1.16988408247531e-05 0
1.18158292330007e-05 0
1.19339875253307e-05 0
1.2053327400584e-05 0
1.21738606745898e-05 0
1.22955992813357e-05 0
1.24185552741491e-05 0
1.25427408268906e-05 0
1.26681682351595e-05 0
1.27948499175111e-05 0
1.29227984166862e-05 0
1.3052026400853e-05 0
1.31825466648616e-05 0
1.33143721315102e-05 0
1.34475158528253e-05 0
1.35819910113535e-05 0
1.37178109214671e-05 0
1.38549890306817e-05 0
1.39935389209886e-05 0
1.41334743101984e-05 0
1.42748090533004e-05 0
1.44175571438334e-05 0
1.45617327152718e-05 0
1.47073500424245e-05 0
1.48544235428487e-05 0
1.50029677782772e-05 0
1.515299745606e-05 0
1.53045274306206e-05 0
1.54575727049268e-05 0
1.56121484319761e-05 0
1.57682699162958e-05 0
1.59259526154588e-05 0
1.60852121416134e-05 0
1.62460642630295e-05 0
1.64085249056598e-05 0
1.65726101547164e-05 0
1.67383362562636e-05 0
1.69057196188262e-05 0
1.70747768150145e-05 0
1.72455245831646e-05 0
1.74179798289962e-05 0
1.75921596272862e-05 0
1.77680812235591e-05 0
1.79457620357947e-05 0
1.81252196561526e-05 0
1.83064718527141e-05 0
1.84895365712413e-05 0
1.86744319369537e-05 0
1.88611762563232e-05 0
1.90497880188865e-05 0
1.92402858990753e-05 0
1.94326887580661e-05 0
1.96270156456467e-05 0
1.98232858021032e-05 0
2.00215186601242e-05 0
2.02217338467255e-05 0
2.04239511851927e-05 0
2.06281906970447e-05 0
2.08344726040151e-05 0
2.10428173300553e-05 0
2.12532455033558e-05 0
2.14657779583894e-05 0
2.16804357379733e-05 0
2.1897240095353e-05 0
2.21162124963065e-05 0
2.23373746212696e-05 0
2.25607483674823e-05 0
2.27863558511571e-05 0
2.30142194096687e-05 0
2.32443616037654e-05 0
2.3476805219803e-05 0
2.37115732720011e-05 0
2.39486890047211e-05 0
2.41881758947683e-05 0
2.4430057653716e-05 0
2.46743582302531e-05 0
2.49211018125557e-05 0
2.51703128306812e-05 0
2.5422015958988e-05 0
2.56762361185779e-05 0
2.59329984797637e-05 0
2.61923284645613e-05 0
2.64542517492069e-05 0
2.6718794266699e-05 0
2.6985982209366e-05 0
2.72558420314597e-05 0
2.75284004517743e-05 0
2.7803684456292e-05 0
2.80817213008549e-05 0
2.83625385138635e-05 0
2.86461638990021e-05 0
2.89326255379921e-05 0
2.92219517933721e-05 0
2.95141713113058e-05 0
2.98093130244188e-05 0
3.0107406154663e-05 0
3.04084802162097e-05 0
3.07125650183718e-05 0
3.10196906685555e-05 0
3.1329887575241e-05 0
3.16431864509934e-05 0
3.19596183155034e-05 0
3.22792144986584e-05 0
3.2602006643645e-05 0
3.29280267100814e-05 0
3.32573069771823e-05 0
3.35898800469541e-05 0
3.39257788474236e-05 0
3.42650366358979e-05 0
3.46076870022568e-05 0
3.49537638722794e-05 0
3.53033015110022e-05 0
3.56563345261122e-05 0
3.60128978713733e-05 0
3.63730268500871e-05 0
3.67367571185879e-05 0
3.71041246897738e-05 0
3.74751659366716e-05 0
3.78499175960383e-05 0
3.82284167719987e-05 0
3.86107009397186e-05 0
3.89968079491158e-05 0
3.9386776028607e-05 0
3.97806437888931e-05 0
4.0178450226782e-05 0
4.05802347290498e-05 0
4.09860370763403e-05 0
4.13958974471037e-05 0
4.18098564215747e-05 0
4.22279549857905e-05 0
4.26502345356484e-05 0
4.30767368810049e-05 0
4.35075042498149e-05 0
4.39425792923131e-05 0
4.43820050852362e-05 0
4.48258251360886e-05 0
4.52740833874495e-05 0
4.5726824221324e-05 0
4.61840924635372e-05 0
4.66459333881726e-05 0
4.71123927220543e-05 0
4.75835166492748e-05 0
4.80593518157676e-05 0
4.85399453339253e-05 0
4.90253447872645e-05 0
4.95155982351372e-05 0
5.00107542174885e-05 0
5.05108617596634e-05 0
5.10159703772601e-05 0
5.15261300810327e-05 0
5.2041391381843e-05 0
5.25618052956614e-05 0
5.3087423348618e-05 0
5.36182975821042e-05 0
5.41544805579252e-05 0
5.46960253635045e-05 0
5.52429856171395e-05 0
5.57954154733109e-05 0
5.6353369628044e-05 0
5.69169033243245e-05 0
5.74860723575677e-05 0
5.80609330811434e-05 0
5.86415424119548e-05 0
5.92279578360744e-05 0
5.98202374144351e-05 0
6.04184397885795e-05 0
6.10226241864653e-05 0
6.16328504283299e-05 0
6.22491789326132e-05 0
6.28716707219394e-05 0
6.350038742915879e-05 0
6.41353913034504e-05 0
6.477674521648491e-05 0
6.54245126686497e-05 0
6.607875779533621e-05 0
6.673954537328961e-05 0
6.74069408270225e-05 0
6.80810102352927e-05 0
6.876182033764561e-05 0
6.944943854102211e-05 0
7.01439329264323e-05 0
7.084537225569659e-05 0
7.155382597825361e-05 0
7.22693642380361e-05 0
7.299205788041651e-05 0
7.37219784592207e-05 0
7.44591982438129e-05 0
7.5203790226251e-05 0
7.59558281285135e-05 0
7.671538640979859e-05 0
7.74825402738966e-05 0
7.82573656766356e-05 0
7.9039939333402e-05 0
7.9830338726736e-05 0
8.062864211400339e-05 0
8.143492853514339e-05 0
8.22492778204948e-05 0
8.307177059869981e-05 0
8.39024883046868e-05 0
8.474151318773359e-05 0
8.5588928319611e-05 0
8.64448176028071e-05 0
8.730926577883521e-05 0
8.81823584366235e-05 0
8.90641820209897e-05 0
8.995482384119961e-05 0
9.08543720796116e-05 0
9.17629158004077e-05 0
9.26805449584118e-05 0
9.36073504079959e-05 0
9.45434239120759e-05 0
9.548885815119661e-05 0
9.64437467327086e-05 0
9.74081842000357e-05 0
9.838226604203611e-05 0
9.93660887024564e-05 0
0.000100359749589481 0
0.000101363347085376 0
0.00010237698055623 0
0.000103400750361792 0
0.00010443475786541 0
0.000105479105444064 0
0.000106533896498505 0
0.00010759923546349 0
0.000108675227818124 0
0.000109761980096306 0
0.000110859599897269 0
0.000111968195896241 0
0.000113087877855204 0
0.000114218756633756 0
0.000115360944200093 0
0.000116514553642094 0
0.000117679699178515 0
0.0001188564961703 0
0.000120045061132003 0
0.000121245511743324 0
0.000122457966860757 0
0.000123682546529364 0
0.000124919371994658 0
0.000126168565714605 0
0.000127430251371751 0
0.000128704553885468 0
0.000129991599424323 0
0.000131291515418566 0
0.000132604430572752 0
0.000133930474878479 0
0.000135269779627264 0
0.000136622477423537 0
0.000137988702197772 0
0.00013936858921975 0
0.000140762275111947 0
0.000142169897863067 0
0.000143591596841697 0
0.000145027512810114 0
0.000146477787938216 0
0.000147942565817598 0
0.000149421991475774 0
0.000150916211390531 0
0.000152425373504437 0
0.000153949627239481 0
0.000155489123511876 0
0.000157044014746995 0
0.000158614454894465 0
0.000160200599443409 0
0.000161802605437843 0
0.000163420631492222 0
0.000165054837807144 0
0.000166705386185215 0
0.000168372440047068 0
0.000170056164447538 0
0.000171756726092014 0
0.000173474293352934 0
0.000175209036286463 0
0.000176961126649328 0
0.000178730737915821 0
0.000180518045294979 0
0.000182323225747929 0
0.000184146458005408 0
0.000185987922585462 0
0.000187847801811317 0
0.00018972627982943 0
0.000191623542627725 0
0.000193539778054002 0
0.000195475175834542 0
0.000197429927592887 0
0.000199404226868816 0
0.000201398269137504 0
0.000203412251828879 0
0.000205446374347168 0
0.00020750083809064 0
0.000209575846471546 0
0.000211671604936262 0
0.000213788320985624 0
0.000215926204195481 0
0.000218085466237435 0
0.00022026632089981 0
0.000222468984108808 0
0.000224693673949896 0
0.000226940610689395 0
0.000229210016796289 0
0.000231502116964252 0
0.000233817138133894 0
0.000236155309515233 0
0.000238516862610385 0
0.000240902031236489 0
0.000243311051548854 0
0.000245744162064343 0
0.000248201603684986 0
0.000250683619721836 0
0.000253190455919054 0
0.000255722360478245 0
0.000258279584083027 0
0.000260862379923858 0
0.000263471003723096 0
0.000266105713760327 0
0.00026876677089793 0
0.00027145443860691 0
0.000274168982992979 0
0.000276910672822909 0
0.000279679779551138 0
0.000282476577346649 0
0.000285301343120116 0
0.000288154356551317 0
0.00029103590011683 0
0.000293946259117998 0
0.000296885721709178 0
0.00029985457892627 0
0.000302853124715533 0
0.000305881655962688 0
0.000308940472522315 0
0.000312029877247538 0
0.000315150176020014 0
0.000318301677780214 0
0.000321484694558016 0
0.000324699541503596 0
0.000327946536918632 0
0.000331226002287818 0
0.000334538262310697 0
0.000337883644933803 0
0.000341262481383142 0
0.000344675106196973 0
0.000348121857258943 0
0.000351603075831532 0
0.000355119106589847 0
0.000358670297655746 0
0.000362257000632303 0
0.000365879570638626 0
0.000369538366345013 0
0.000373233750008463 0
0.000376966087508547 0
0.000380735748383633 0
0.000384543105867469 0
0.000388388536926144 0
0.000392272422295405 0
0.00039619514651836 0
0.000400157097983543 0
0.000404158668963379 0
0.000408200255653012 0
0.000412282258209542 0
0.000416405080791638 0
0.000420569131599554 0
0.00042477482291555 0
0.000429022571144705 0
0.000433312796856152 0
0.000437645924824714 0
0.000442022384072961 0
0.000446442607913691 0
0.000450907033992828 0
0.000455416104332756 0
0.000459970265376083 0
0.000464569968029844 0
0.000469215667710143 0
0.000473907824387244 0
0.000478646902631117 0
0.000483433371657428 0
0.000488267705374002 0
0.000493150382427742 0
0.0004980818862520199 0
0.00050306270511454 0
0.000508093332165685 0
0.000513174265487342 0
0.000518306008142215 0
0.0005234890682236369 0
0.000528723958905874 0
0.000534011198494933 0
0.000539351310479882 0
0.000544744823584681 0
0.000550192271820528 0
0.000555694194538733 0
0.00056125113648412 0
0.000566863647848961 0
0.000572532284327451 0
0.000578257607170726 0
0.000584040183242433 0
0.000589880585074857 0
0.000595779390925606 0
0.000601737184834862 0
0.00060775455668321 0
0.000613832102250043 0
0.000619970423272543 0
0.000626170127505268 0
0.000632431828780321 0
0.000638756147068124 0
0.000645143708538805 0
0.0006515951456241939 0
0.000658111097080435 0
0.00066469220805124 0
0.000671339130131752 0
0.00067805252143307 0
0.0006848330466474 0
0.000691681377113875 0
0.000698598190885013 0
0.000705584172793863 0
0.000712640014521802 0
0.00071976641466702 0
0.00072696407881369 0
0.000734233719601827 0
0.000741576056797845 0
0.000748991817365824 0
0.000756481735539482 0
0.000764046552894877 0
0.000771687018423826 0
0.000779403888608064 0
0.000787197927494145 0
0.000795069906769086 0
0.000803020605836777 0
0.000811050811895145 0
0.000819161320014096 0
0.000827352933214237 0
0.00083562646254638 0
0.000843982727171843 0
0.0008524225544435619 0
0.000860946779987997 0
0.000869556247787878 0
0.000878251810265756 0
0.000887034328368414 0
0.000895904671652098 0
0.000904863718368619 0
0.000913912355552305 0
0.000923051479107828 0
0.0009322819938989071 0
0.000941604813837896 0
0.000951020861976275 0
0.000960531070596037 0
0.000970136381301998 0
0.000979837745115018 0
0.0009896361225661681 0
0.00099953248379183 0
0.00100952780862975 0
0.00101962308671605 0
0.00102981931758321 0
0.00104011751075904 0
0.00105051868586663 0
0.00106102387272529 0
0.00107163411145255 0
0.00108235045256707 0
0.00109317395709274 0
0.00110410569666367 0
0.00111514675363031 0
0.00112629822116661 0
0.00113756120337828 0
0.00114893681541206 0
0.00116042618356618 0
0.00117203044540184 0
0.00118375074985586 0
0.00119558825735442 0
0.00120754413992796 0
0.00121961958132724 0
0.00123181577714052 0
0.00124413393491192 0
0.00125657527426104 0
0.00126914102700365 0
0.00128183243727369 0
0.00129465076164642 0
0.00130759726926289 0
0.00132067324195552 0
0.00133387997437507 0
0.00134721877411882 0
0.00136069096186001 0
0.00137429787147861 0
0.0013880408501934 0
0.00140192125869533 0
0.00141594047128228 0
0.00143009987599511 0
0.00144440087475506 0
0.00145884488350261 0
0.00147343333233764 0
0.00148816766566101 0
0.00150304934231762 0
0.0015180798357408 0
0.00153326063409821 0
0.00154859324043919 0
0.00156407917284358 0
0.00157971996457202 0
0.00159551716421774 0
0.00161147233585991 0
0.00162758705921851 0
0.0016438629298107 0
0.00166030155910881 0
0.00167690457469989 0
0.00169367362044689 0
0.00171061035665136 0
0.00172771646021787 0
0.00174499362482005 0
0.00176244356106825 0
0.00178006799667894 0
0.00179786867664573 0
0.00181584736341218 0
0.0018340058370463 0
0.00185234589541677 0
0.00187086935437094 0
0.00188957804791465 0
0.00190847382839379 0
0.00192755856667773 0
0.00194683415234451 0
0.00196630249386795 0
0.00198596551880663 0
0.0020058251739947 0
0.00202588342573464 0
0.00204614225999199 0
0.00206660368259191 0
0.00208726971941783 0
0.00210814241661201 0
0.00212922384077813 0
0.00215051607918591 0
0.00217202123997777 0
0.00219374145237755 0
0.00221567886690132 0
0.00223783565557034 0
0.00226021401212604 0
0.0022828161522473 0
0.00230564431376977 0
0.00232870075690747 0
0.00235198776447654 0
0.00237550764212131 0
0.00239926271854252 0
0.00242325534572795 0
0.00244748789918523 0
0.00247196277817708 0
0.00249668240595885 0
0.00252164923001844 0
0.00254686572231862 0
0.00257233437954181 0
0.00259805772333723 0
0.0026240383005706 0
0.00265027868357631 0
0.00267678147041207 0
0.00270354928511619 0
0.00273058477796735 0
0.00275789062574703 0
0.0027854695320045 0
0.00281332422732454 0
0.00284145746959779 0
0.00286987204429376 0
0.0028985707647367 0
0.00292755647238407 0
0.00295683203710791 0
0.00298640035747899 0
0.00301626436105378 0
0.00304642700466432 0
0.00307689127471096 0
0.00310766018745807 0
0.00313873678933265 0
0.00317012415722598 0
0.00320182539879824 0
0.00323384365278622 0
0.00326618208931408 0
0.00329884391020722 0
0.00333183234930929 0
0.00336515067280239 0
0.00339880217953041 0
0.00343279020132572 0
0.00346711810333897 0
0.00350178928437236 0
0.00353680717721609 0
0.00357217524898825 0
0.00360789700147813 0
0.00364397597149291 0
0.00368041573120784 0
0.00371721988851992 0
0.00375439208740512 0
0.00379193600827917 0
0.00382985536836196 0
0.00386815392204558 0
0.00390683546126603 0
0.0039459038158787 0
0.00398536285403748 0
0.00402521648257786 0
0.00406546864740364 0
0.00410612333387767 0
0.00414718456721645 0
0.00418865641288861 0
0.0042305429770175 0
0.00427284840678767 0
0.00431557689085555 0
0.00435873265976411 0
0.00440231998636175 0
0.00444634318622536 0
0.00449080661808762 0
0.00453571468426849 0
0.00458107183111118 0
0.00462688254942229 0
0.00467315137491651 0
0.00471988288866568 0
0.00476708171755234 0
0.00481475253472786 0
0.00486290006007514 0
0.00491152906067589 0
0.00496064435128265 0
0.00501025079479548 0
0.00506035330274343 0
0.00511095683577087 0
0.00516206640412858 0
0.00521368706816986 0
0.00526582393885156 0
0.00531848217824008 0
0.00537166700002248 0
0.0054253836700227 0
0.00547963750672293 0
0.00553443388179016 0
0.00558977822060806 0
0.00564567600281414 0
0.00570213276284228 0
0.0057591540904707 0
0.00581674563137541 0
0.00587491308768917 0
0.00593366221856606 0
0.00599299884075172 0
0.00605292882915924 0
0.00611345811745083 0
0.00617459269862534 0
0.00623633862561159 0
0.00629870201186771 0
0.00636168903198638 0
0.00642530592230625 0
0.00648955898152931 0
0.0065544545713446 0
0.00661999911705805 0
0.00668619910822863 0
0.00675306109931092 0
0.00682059171030403 0
0.00688879762740707 0
0.00695768560368114 0
0.00702726245971795 0
0.00709753508431513 0
0.00716851043515828 0
0.00724019553950986 0
0.00731259749490496 0
0.00738572346985401 0
0.00745958070455255 0
0.00753417651159808 0
0.00760951827671406 0
0.0076856134594812 0
0.00776246959407601 0
0.00784009429001677 0
0.00791849523291694 0
0.00799768018524611 0
0.00807765698709857 0
0.00815843355696956 0
0.00824001789253925 0
0.00832241807146464 0
0.008405642252179289 0
0.00848969867470108 0
0.0085745956614481 0
0.008660341618062581 0
0.008746945034243199 0
0.008834414484585631 0
0.008922758629431491 0
0.0090119862157258 0
0.00910210607788306 0
0.00919312713866189 0
0.00928505841004851 0
0.009377908994149 0
0.00947168808409049 0
0.009566404964931391 0
0.00966206901458071 0
0.009758689704726511 0
0.009856276601773781 0
0.00995483936779152 0
0.0100543877614694 0
0.0101549316390841 0
0.010256480955475 0
0.0103590457650297 0
0.01046263622268 0
0.0105672625849068 0
0.0106729352107559 0
0.0107796645628634 0
0.0108874612084921 0
0.010996335820577 0
0.0111062991787828 0
0.0112173621705706 0
0.0113295357922763 0
0.0114428311501991 0
0.0115572594617011 0
0.0116728320563181 0
0.0117895603768812 0
0.0119074559806501 0
0.0120265305404566 0
0.0121467958458611 0
0.0122682638043197 0
0.0123909464423629 0
0.0125148559067866 0
0.0126400044658544 0
0.012766404510513 0
0.0128940685556181 0
0.0130230092411743 0
0.013153239333586 0
0.0132847717269219 0
0.0134176194441911 0
0.013551795638633 0
0.0136873135950193 0
0.0138241867309695 0
0.0139624285982792 0
0.014102052884262 0
0.0142430734131046 0
0.0143855041472357 0
0.014529359188708 0
0.0146746527805951 0
0.0148213993084011 0
0.0149696133014851 0
0.0151193094344999 0
0.0152705025288449 0
0.0154232075541334 0
0.0155774396296747 0
0.0157332140259715 0
0.0158905461662312 0
0.0160494516278935 0
0.0162099461441724 0
0.0163720456056142 0
0.0165357660616703 0
0.016701123722287 0
0.0168681349595099 0
0.017036816309105 0
0.017207184472196 0
0.017379256316918 0
0.0175530488800872 0
0.017728579368888 0
0.0179058651625769 0
0.0180849238142027 0
0.0182657730523447 0
0.0184484307828682 0
0.0186329150906968 0
0.0188192442416038 0
0.0190074366840199 0
0.0191975110508601 0
0.0193894861613687 0
0.0195833810229823 0
0.0197792148332122 0
0.0199770069815443 0
0.0201767770513597 0
0.0203785448218733 0
0.0205823302700921 0
0.020788153572793 0
0.0209960351085209 0
0.0212059954596061 0
0.0214180554142022 0
0.0216322359683442 0
0.0218485583280276 0
0.0220670439113079 0
0.022287714350421 0
0.0225105914939252 0
0.0227356974088645 0
0.0229630543829531 0
0.0231926849267826 0
0.0234246117760505 0
0.023658857893811 0
0.0238954464727491 0
0.0241344009374766 0
0.0243757449468513 0
0.0246195023963198 0
0.024865697420283 0
0.0251143543944859 0
0.0253654979384307 0
0.025619152917815 0
0.0258753444469932 0
0.0261340978914631 0
0.0263954388703778 0
0.0266593932590815 0
0.0269259871916724 0
0.0271952470635891 0
0.027467199534225 0
0.0277418715295672 0
0.0280192902448629 0
0.0282994831473115 0
0.0285824779787846 0
0.0288683027585725 0
0.0291569857861582 0
0.0294485556440198 0
0.02974304120046 0
0.0300404716124646 0
0.0303408763285892 0
0.0306442850918751 0
0.0309507279427939 0
0.0312602352222218 0
0.031572837574444 0
0.0318885659501885 0
0.0322074516096904 0
0.0325295261257873 0
0.0328548213870451 0
0.0331833696009156 0
0.0335152032969248 0
0.033850355329894 0
0.0341888588831929 0
0.0345307474720249 0
0.0348760549467451 0
0.0352248154962126 0
0.0355770636511747 0
0.0359328342876865 0
0.0362921626305633 0
0.036655084256869 0
0.0370216350994376 0
0.037391851450432 0
0.0377657699649363 0
0.0381434276645857 0
0.0385248619412316 0
0.0389101105606439 0
0.0392992116662503 0
0.0396922037829128 0
0.0400891258207419 0
0.0404900170789494 0
0.0408949172497389 0
0.0413038664222363 0
0.0417169050864586 0
0.0421340741373232 0
0.0425554148786964 0
0.0429809690274834 0
0.0434107787177582 0
0.0438448865049358 0
0.0442833353699852 0
0.044726168723685 0
0.0451734304109219 0
0.0456251647150311 0
0.0460814163621814 0
0.0465422305258032 0
0.0470076528310613 0
0.0474777293593719 0
0.0479525066529656 0
0.0484320317194952 0
0.0489163520366902 0
0.0494055155570571 0
0.0498995707126277 0
0.0503985664197539 0
0.0509025520839515 0
0.051411577604791 0
0.0519256933808389 0
0.0524449503146473 0
0.0529693998177938 0
0.0534990938159717 0
0.0540340847541314 0
0.0545744256016727 0
0.0551201698576895 0
0.0556713715562664 0
0.056228085271829 0
0.0567903661245473 0
0.0573582697857928 0
0.0579318524836507 0
0.0585111710084872 0
0.0590962827185721 0
0.0596872455457578 0
0.0602841180012154 0
0.0608869591812276 0
0.0614958287730398 0
0.0621107870607702 0
0.0627318949313779 0
0.0633592138806917 0
0.0639928060194986 0
0.0646327340796936 0
0.0652790614204906 0
0.0659318520346955 0
0.06659117055504241 0
0.06725708226059279 0
0.0679296530831988 0
0.0686089496140308 0
0.0692950391101711 0
0.0699879895012728 0
0.0706878693962855 0
0.0713947480902484 0
0.0721086955711509 0
0.0728297825268624 0
0.073558080352131 0
0.07429366115565229 0
0.07503659776720881 0
0.07578696374488091 0
0.0765448333823297 0
0.07731028171615301 0
0.07808338453331461 0
0.0788642183786477 0
0.0796528605624342 0
0.08044938916805849 0
0.0812538830597391 0
0.0820664218903365 0
0.08288708610923989 0
0.08371595697033229 0
0.0845531165400356 0
0.085398647705436 0
0.0862526341824903 0
0.0871151605243152 0
0.0879863121295584 0
0.0888661752508539 0
0.08975483700336249 0
0.09065238537339609 0
0.0915589092271301 0
0.0924744983194014 0
0.0933992433025954 0
0.0943332357356213 0
0.0952765680929776 0
0.0962293337739073 0
0.0971916271116464 0
0.0981635433827629 0
0.0991451788165905 0
0.100136630604756 0
0.101137996910804 0
0.102149376879912 0
0.103170870648711 0
0.104202579355198 0
0.10524460514875 0
0.106297051200238 0
0.10736002171224 0
0.108433621929363 0
0.109517958148656 0
0.110613137730143 0
0.111719269107444 0
0.112836461798519 0
0.113964826416504 0
0.115104474680669 0
0.116255519427476 0
0.11741807462175 0
0.118592255367968 0
0.119778177921647 0
0.120975959700864 0
0.122185719297873 0
0.123407576490851 0
0.12464165225576 0
0.125888068778317 0
0.127146949466101 0
0.128418418960762 0
0.129702603150369 0
0.130999629181873 0
0.132309625473692 0
0.133632721728429 0
0.134969048945713 0
0.13631873943517 0
0.137681926829522 0
0.139058746097817 0
0.140449333558795 0
0.141853826894383 0
0.143272365163327 0
0.14470508881496 0
0.14615213970311 0
0.147613661100141 0
0.149089797711142 0
0.150580695688254 0
0.152086502645136 0
0.153607367671588 0
0.155143441348303 0
0.156694875761787 0
0.158261824519404 0
0.159844442764598 0
0.161442887192244 0
0.163057316064167 0
0.164687889224809 0
0.166334768117057 0
0.167998115798227 0
0.169678096956209 0
0.171374877925772 0
0.173088626705029 0
0.17481951297208 0
0.1765677081018 0
0.178333385182818 0
0.180116719034647 0
0.181917886224993 0
0.183737065087243 0
0.185574435738115 0
0.187430180095497 0
0.189304481896452 0
0.191197526715416 0
0.19310950198257 0
0.195040597002396 0
0.19699100297242 0
0.198960913002144 0
0.200950522132166 0
0.202960027353487 0
0.204989627627022 0
0.207039523903292 0
0.209109919142325 0
0.211201018333748 0
0.213313028517086 0
0.215446158802257 0
0.217600620390279 0
0.219776626594182 0
0.221974392860124 0
0.224194136788725 0
0.226436078156613 0
0.228700438938179 0
0.23098744332756 0
0.233297317760836 0
0.235630290938444 0
0.237986593847829 0
0.240366459786307 0
0.24277012438417 0
0.245197825628012 0
0.247649803884292 0
0.250126301923135 0
0.252627564942366 0
0.25515384059179 0
0.257705378997708 0
0.260282432787685 0
0.262885257115562 0
0.265514109686717 0
0.268169250783585 0
0.27085094329142 0
0.273559452724335 0
0.276295047251578 0
0.279057997724094 0
0.281848577701335 0
0.284667063478348 0
0.287513734113132 0
0.290388871454263 0
0.293292760168805 0
0.296225687770494 0
0.299187944648198 0
0.30217982409468 0
0.305201622335627 0
0.308253638558984 0
0.311336174944573 0
0.314449536694019 0
0.317594032060959 0
0.320769972381569 0
0.323977672105385 0
0.327217448826438 0
0.330489623314703 0
0.33379451954785 0
0.337132464743328 0
0.340503789390762 0
0.343908827284669 0
0.347347915557516 0
0.350821394713091 0
0.354329608660222 0
0.357872904746824 0
0.361451633794292 0
0.365066150132235 0
0.368716811633558 0
0.372403979749893 0
0.376128019547392 0
0.379889299742866 0
0.383688192740295 0
0.387525074667698 0
0.391400325414375 0
0.395314328668518 0
0.399267471955204 0
0.403260146674756 0
0.407292748141503 0
0.411365675622918 0
0.415479332379147 0
0.419634125702939 0
0.423830466959968 0
0.428068771629568 0
0.432349459345864 0
0.436672953939322 0
0.441039683478716 0
0.445450080313503 0
0.449904581116638 0
0.454403626927804 0
0.458947663197082 0
0.463537139829053 0
0.468172511227344 0
0.472854236339617 0
0.477582778703013 0
0.482358606490043 0
0.487182192554944 0
0.492054014480493 0
0.496974554625298 0
0.501944300171551 0
0.506963743173267 0
0.512033380604999 0
0.517153714411049 0
0.52232525155516 0
0.527548504070711 0
0.532823989111418 0
0.538152229002533 0
0.543533751292558 0
0.548969088805484 0
0.554458779693538 0
0.560003367490474 0
0.565603401165378 0
0.571259435177032 0
0.576972029528803 0
0.582741749824091 0
0.588569167322331 0
0.5944548589955549 0
0.60039940758551 0
0.606403401661365 0
0.612467435677979 0
0.618592110034759 0
0.624778031135106 0
0.631025811446457 0
0.637336069560922 0
0.643709430256531 0
0.650146524559097 0
0.656647989804688 0
0.663214469702734 0
0.669846614399762 0
0.6765450805437589 0
0.6833105313491969 0
0.690143636662689 0
0.697045073029316 0
0.704015523759609 0
0.711055678997205 0
0.718166235787177 0
0.725347898145049 0
0.732601377126499 0
0.739927390897764 0
0.747326664806742 0
0.7547999314548089 0
0.762347930769357 0
0.7699714100770511 0
0.777671124177822 0
0.7854478354195999 0
0.793302313773796 0
0.801235336911534 0
0.809247690280649 0
0.817340167183456 0
0.82551356885529 0
0.833768704543843 0
0.842106391589282 0
0.8505274555051739 0
0.8547800927827 0
0.859032730060226 0
0.863327893710527 0
0.867623057360828 0
0.871961172647633 0
0.874130230291035 0
0.876299287934437 0
0.878490036154273 0
0.880680784374109 0
0.882871532593945 0
0.885062280813781 0
0.887274936515815 0
0.88948759221785 0
0.891700247919885 0
0.893912903621919 0
0.898382468140029 0
0.902852032658138 0
0.907366292821429 0
0.91188055298472 0
0.916439955749644 0
0.920999358514567 0
0.92560435530714 0
0.930209352099712 0
0.93951144562071 0
0.948906560076917 0
0.958395625677686 0
0.967979581934463 0
0.977659377753807 0
0.987435971531345 0
0.997310331246659 0
1.00728343455913 0
1.01735626890472 0
1.02752983159376 0
1.0378051299097 0
1.0481831812088 0
1.05866501302089 0
1.0692516631511 0
1.07994417978261 0
1.09074362158043 0
1.10165105779624 0
1.1126675683742 0
1.12379424405794 0
1.13503218649852 0
1.14638250836351 0
1.15784633344714 0
1.16942479678161 0
1.18111904474943 0
1.19293023519692 0
1.20485953754889 0
1.21690813292438 0
1.22299267358901 0
1.22907721425363 0
1.23522260032489 0
1.24136798639616 0
1.24447140636215 0
1.24757482632814 0
1.25067824629413 0
1.25378166626012 0
1.25534889334295 0
1.25691612042577 0
1.26005057459142 0
1.26318502875707 0
1.26631948292272 0
1.26948528163003 0
1.27265108033733 0
1.27581687904464 0
1.27898267775195 0
1.28218013444633 0
1.28537759114071 0
1.29177250452947 0
1.29823136705212 0
1.30469022957477 0
1.31121368072264 0
1.31773713187051 0
1.32432581752987 0
1.33091450318922 0
1.33756907570517 0
1.34422364822111 0
1.35094476646222 0
1.35766588470332 0
1.36445421412684 0
1.37124254355036 0
1.38495496898586 0
1.39880451867572 0
1.41279256386247 0
1.4269204895011 0
1.44118969439611 0
1.45560159134007 0
1.47015760725347 0
1.48485918332601 0
1.49970777515927 0
1.51470485291086 0
1.52985190143997 0
1.54515042045437 0
1.56060192465891 0
1.5762079439055 0
1.59197002334456 0
1.607889723578 0
1.62396862081378 0
1.64020830702192 0
1.65661039009214 0
1.67317649399306 0
1.68990825893299 0
1.70680734152232 0
1.72387541493754 0
1.74111416908692 0
1.75852531077779 0
1.77611056388557 0
1.79387166952442 0
1.81181038621967 0
1.82992849008186 0
1.84822777498268 0
1.86671005273251 0
1.88537715325983 0
1.90423092479243 0
1.92327323404036 0
1.94250596638076 0
1.96193102604457 0
1.98155033630501 0
2.00136583966806 0
2.02137949806474 0
2.04159329304539 0
2.06200922597584 0
2.0826293182356 0
2.10345561141796 0
2.12449016753214 0
2.14573506920746 0
2.16719241989954 0
2.18886434409853 0
2.21075298753952 0
2.23286051741491 0
2.25518912258906 0
2.27774101381495 0
2.3005184239531 0
2.32352360819263 0
2.34675884427456 0
2.3702264327173 0
2.39392869704448 0
2.41786798401492 0
2.44204666385507 0
2.46646713049362 0
2.49113180179856 0
2.51604311981654 0
2.54120355101471 0
2.56661558652486 0
2.5922817423901 0
2.618204559814 0
2.64438660541214 0
2.67083047146627 0
2.69753877618093 0
2.72451416394274 0
2.75175930558217 0
2.77927689863799 0
2.80706966762437 0
2.83514036430061 0
2.86349176794362 0
2.89212668562305 0
2.92104795247928 0
2.95025843200408 0
2.97976101632412 0
3.00955862648736 0
3.03965421275223 0
3.07005075487975 0
3.10075126242855 0
3.13175877505284 0
3.16307636280337 0
3.1947071264314 0
3.22665419769571 0
3.25892073967267 0
3.2915099470694 0
3.32442504654009 0
3.35766929700549 0
3.39124598997555 0
3.4251584498753 0
3.45941003437406 0
3.4940041347178 0
3.52894417606497 0
3.56423361782562 0
3.59987595400388 0
3.63587471354392 0
3.67223346067936 0
3.70895579528615 0
3.74604535323901 0
3.7835058067714 0
3.82134086483912 0
3.85955427348751 0
3.89814981622238 0
3.93713131438461 0
3.97650262752845 0
4.01626765380374 0
4.05643033034178 0
4.09699463364519 0
4.13796457998165 0
4.17934422578146 0
4.22113766803928 0
4.26334904471967 0
4.30598253516687 0
4.34904236051854 0
4.39253278412372 0
4.43645811196496 0
4.48082269308461 0
4.52563092001545 0
4.57088722921561 0
4.61659610150777 0
4.66276206252284 0
4.70938968314807 0
4.75648357997955 0
4.80404841577935 0
4.85208889993714 0
4.90060978893651 0
4.94961588682588 0
4.99911204569414 0
5.04910316615108 0
5.09959419781259 0
5.15059013979072 0
5.20209604118862 0
5.25411700160051 0
5.30665817161651 0
5.35972475333268 0
5.41332200086601 0
5.46745522087467 0
5.52212977308341 0
5.57735107081425 0
5.63312458152239 0
5.68945582733762 0
5.74635038561099 0
5.8038138894671 0
5.86185202836177 0
5.92047054864539 0
5.97967525413184 0
6.03947200667316 0
6.0998667267399 0
6.16086539400729 0
6.22247404794737 0
6.28469878842684 0
6.34754577631111 0
6.41102123407422 0
6.47513144641496 0
6.53988276087911 0
6.60528158848791 0
6.67133440437278 0
6.73804774841651 0
6.80542822590068 0
6.87348250815968 0
6.94221733324128 0
7.01163950657369 0
7.08175590163943 0
7.15257346065582 0
7.22409919526238 0
7.29634018721501 0
7.36930358908716 0
7.44299662497803 0
7.51742659122781 0
7.59260085714009 0
7.66852686571149 0
7.7452121343686 0
7.82266425571229 0
7.90089089826941 0
7.97989980725211 0
8.059698805324629 0
8.14029579337787 0
8.221698751311649 0
8.30391573882477 0
8.38695489621302 0
8.47082444517515 0
8.555532689626901 0
8.64108801652317 0
8.727498896688401 0
8.81477388565529 0
8.902921624511841 0
8.99195084075696 0
9.081870349164531 0
9.172689052656169 0
9.26441594318274 0
9.357060102614559 0
9.45063070364071 0
9.54513701067712 0
9.640588380783891 0
9.736994264591729 0
9.834364207237639 0
9.93270784931002 0
10.0320349278031 0
10.1323552770812 0
10.233678829852 0
10.3360156181505 0
10.439375774332 0
10.5437695320753 0
10.6492072273961 0
10.75569929967 0
10.8632562926667 0
10.9718888555934 0
11.0816077441493 0
11.1924238215908 0
11.3043480598067 0
11.4173915404048 0
11.5315654558088 0
11.6468811103669 0
11.7633499214706 0
11.8809834206853 0
11.9997932548922 0
12.1197911874411 0
12.2409890993155 0
12.3633989903086 0
12.4870329802117 0
12.6119033100138 0
12.738022343114 0
12.8654025665451 0
12.9940565922106 0
13.1239971581327 0
13.255237129714 0
13.3877895010112 0
13.5216673960213 0
13.6568840699815 0
13.7934529106813 0
13.9313874397881 0
14.070701314186 0
14.2114083273278 0
14.3535224106011 0
14.4970576347071 0
14.6420282110542 0
14.7884484931648 0
14.9363329780964 0
15.0856963078774 0
15.2365532709561 0
15.3889188036657 0
15.5428079917024 0
15.6982360716194 0
15.8552184323356 0
16.0137706166589 0
16.1739083228255 0
16.3356474060538 0
16.4990038801143 0
16.6639939189155 0
16.8306338581046 0
16.9989401966857 0
17.1689295986525 0
17.340618894639 0
17.5140250835854 0
17.6891653344213 0
17.8660569877655 0
18.0447175576431 0
18.2251647332196 0
18.4074163805518 0
18.5914905443573 0
18.7774054498009 0
18.9651795042989 0
19.1548312993419 0
19.3463796123353 0
19.5398434084586 0
19.7352418425432 0
19.9325942609687 0
20.1319202035783 0
20.3332394056141 0
20.5365717996703 0
20.741937517667 0
20.9493568928436 0
21.1588504617721 0
21.3704389663898 0
21.5841433560537 0
21.7999847896142 0
22.0179846375104 0
22.2381644838855 0
22.4605461287243 0
22.6851515900116 0
22.9120031059117 0
23.1411231369708 0
23.3725343683405 0
23.6062597120239 0
23.8423223091442 0
24.0807455322356 0
24.321552987558 0
24.5647685174336 0
24.8104162026079 0
25.058520364634 0
25.3091055682803 0
25.5621966239631 0
25.8178185902027 0
26.0759967761048 0
26.3367567438658 0
26.6001243113045 0
26.8661255544175 0
27.1347868099617 0
27.4061346780613 0
27.6801960248419 0
27.9569979850903 0
28.2365679649412 0
28.5189336445907 0
28.8041229810366 0
29.0921642108469 0
29.3830858529554 0
29.676916711485 0
29.9736858785998 0
30.2734227373858 0
30.5761569647597 0
30.8819185344073 0
31.1907377197513 0
31.5026450969488 0
31.8176715479183 0
32.1358482633975 0
32.4572067460315 0
32.7817788134918 0
33.1095966016267 0
33.440692567643 0
33.7750994933194 0
34.1128504882526 0
34.4539789931351 0
34.7985187830665 0
35.1465039708972 0
35.4979690106061 0
35.8529487007122 0
36.2114781877193 0
36.5735929695965 0
36.9393288992925 0
37.3087221882854 0
37.6818094101683 0
38.0586275042699 0
38.4392137793127 0
38.8236059171058 0
39.2118419762768 0
39.6039603960396 0
40 0
