-1.3	0
-1.2989999999999999	0
-1.298	0
-1.2969999999999999	0
-1.296	0
-1.2949999999999999	0
-1.294	0
-1.2929999999999999	0
-1.292	0
-1.2909999999999999	0
-1.29	0
-1.2889999999999999	0
-1.288	0
-1.2869999999999999	0
-1.286	0
-1.2849999999999999	0
-1.284	0
-1.2829999999999999	0
-1.282	0
-1.2809999999999999	0
-1.28	0
-1.2789999999999999	0
-1.278	0
-1.2769999999999999	0
-1.276	0
-1.2749999999999999	0
-1.274	0
-1.2729999999999999	0
-1.272	0
-1.2709999999999999	0
-1.27	0
-1.2689999999999999	0
-1.268	0
-1.2669999999999999	0
-1.266	0
-1.2649999999999999	0
-1.264	0
-1.2629999999999999	0
-1.262	0
-1.2609999999999999	0
-1.26	0
-1.2589999999999999	0
-1.258	0
-1.2569999999999999	0
-1.256	0
-1.2549999999999999	0
-1.254	0
-1.2529999999999999	0
-1.252	0
-1.2509999999999999	0
-1.25	0
-1.2490000000000001	0
-1.248	0
-1.2470000000000001	0
-1.246	0
-1.2450000000000001	0
-1.244	0
-1.2430000000000001	0
-1.242	0
-1.2410000000000001	0
-1.24	0
-1.2390000000000001	0
-1.238	0
-1.2370000000000001	0
-1.236	0
-1.2350000000000001	0
-1.234	0
-1.2330000000000001	0
-1.232	0
-1.2310000000000001	0
-1.23	0
-1.2290000000000001	0
-1.228	0
-1.2270000000000001	0
-1.226	0
-1.2250000000000001	0
-1.224	0
-1.2230000000000001	0
-1.222	0
-1.2210000000000001	0
-1.22	0
-1.2190000000000001	0
-1.218	0
-1.2170000000000001	0
-1.216	0
-1.2150000000000001	0
-1.214	0
-1.2130000000000001	0
-1.212	0
-1.2110000000000001	0
-1.21	0
-1.2090000000000001	0
-1.208	0
-1.2070000000000001	0
-1.206	0
-1.2050000000000001	0
-1.204	0
-1.2030000000000001	0
-1.202	0
-1.2010000000000001	0
-1.2	0
-1.1990000000000001	0
-1.198	0
-1.1970000000000001	0
-1.196	0
-1.1950000000000001	0
-1.194	0
-1.1930000000000001	0
-1.1919999999999999	0
-1.1910000000000001	0
-1.1899999999999999	0
-1.1890000000000001	0
-1.1879999999999999	0
-1.1870000000000001	0
-1.1859999999999999	0
-1.1850000000000001	0
-1.1839999999999999	0
-1.1830000000000001	0
-1.1819999999999999	0
-1.181	0
-1.1799999999999999	0
-1.179	0
-1.1779999999999999	0
-1.177	0
-1.1759999999999999	0
-1.175	0
-1.1739999999999999	0
-1.173	0
-1.1719999999999999	0
-1.171	0
-1.1699999999999999	0
-1.169	0
-1.1679999999999999	0
-1.167	0
-1.1659999999999999	0
-1.165	0
-1.1639999999999999	0
-1.163	0
-1.1619999999999999	0
-1.161	0
-1.1599999999999999	0
-1.159	0
-1.1579999999999999	0
-1.157	0
-1.1559999999999999	0
-1.155	0
-1.1539999999999999	0
-1.153	0
-1.1519999999999999	0
-1.151	0
-1.1499999999999999	0
-1.149	0
-1.1479999999999999	0
-1.147	0
-1.1459999999999999	0
-1.145	0
-1.1439999999999999	0
-1.143	0
-1.1419999999999999	0
-1.141	0
-1.1399999999999999	0
-1.139	0
-1.1379999999999999	0
-1.137	0
-1.1359999999999999	0
-1.135	0
-1.1339999999999999	0
-1.133	0
-1.1319999999999999	0
-1.131	0
-1.1299999999999999	0
-1.129	0
-1.1279999999999999	0
-1.127	0
-1.1259999999999999	0
-1.125	0
-1.1240000000000001	0
-1.123	0
-1.1220000000000001	0
-1.121	0
-1.1200000000000001	0
-1.119	0
-1.1180000000000001	0
-1.117	0
-1.1160000000000001	0
-1.115	0
-1.1140000000000001	0
-1.113	0
-1.1120000000000001	0
-1.111	0
-1.1100000000000001	0
-1.109	0
-1.1080000000000001	0
-1.107	0
-1.1060000000000001	0
-1.105	0
-1.1040000000000001	0
-1.103	0
-1.1020000000000001	0
-1.101	0
-1.1000000000000001	0
-1.099	0
-1.0980000000000001	0
-1.097	0
-1.0960000000000001	0
-1.095	0
-1.0940000000000001	0
-1.093	0
-1.0920000000000001	0
-1.091	0
-1.0900000000000001	0
-1.089	0
-1.0880000000000001	0
-1.087	0
-1.0860000000000001	0
-1.085	0
-1.0840000000000001	0
-1.083	0
-1.0820000000000001	0
-1.081	0
-1.0800000000000001	0
-1.079	0
-1.0780000000000001	0
-1.077	0
-1.0760000000000001	0
-1.075	0
-1.0740000000000001	0
-1.073	0
-1.0720000000000001	0
-1.071	0
-1.0700000000000001	0
-1.069	0
-1.0680000000000001	0
-1.0669999999999999	0
-1.0660000000000001	0
-1.0649999999999999	0
-1.0640000000000001	0
-1.0629999999999999	0
-1.0620000000000001	0
-1.0609999999999999	0
-1.0600000000000001	0
-1.0589999999999999	0
-1.0580000000000001	0
-1.0569999999999999	0
-1.056	0
-1.0549999999999999	0
-1.054	0
-1.0529999999999999	0
-1.052	0
-1.0509999999999999	0
-1.05	0
-1.0489999999999999	0
-1.048	0
-1.0469999999999999	0
-1.046	0
-1.0449999999999999	0
-1.044	0
-1.0429999999999999	0
-1.042	0
-1.0409999999999999	0
-1.04	0
-1.0389999999999999	0
-1.038	0
-1.0369999999999999	0
-1.036	0
-1.0349999999999999	0
-1.034	0
-1.0329999999999999	0
-1.032	0
-1.0309999999999999	0
-1.03	0
-1.0289999999999999	0
-1.028	0
-1.0269999999999999	0
-1.026	0
-1.0249999999999999	0
-1.024	0
-1.0229999999999999	0
-1.022	0
-1.0209999999999999	0
-1.02	0
-1.0189999999999999	0
-1.018	0
-1.0169999999999999	0
-1.016	0
-1.0149999999999999	0
-1.014	0
-1.0129999999999999	0
-1.012	0
-1.0109999999999999	0
-1.01	0
-1.0089999999999999	0
-1.008	0
-1.0069999999999999	0
-1.006	0
-1.0049999999999999	0
-1.004	0
-1.0029999999999999	0
-1.002	0
-1.0009999999999999	0
-1	0
-0.99999876629970352	2.4673980559366022e-09
-0.99999506520185821	1.9739111390518285e-08
-0.99998889671559599	6.6619090001543908e-08
-0.99998026085613712	1.5791055333196744e-07
-0.99996915764478966	3.0841562501331395e-07
-0.99995558710894983	5.3293496763232461e-07
-0.99993954928210138	8.462674175371665e-07
-0.99992104420381611	1.2632096196715261e-06
-0.9999000719197535	1.7985556624688178e-06
-0.99987663248166059	2.4670967128004737e-06
-0.99985072594737179	3.283620650993847e-06
-0.99982235238080897	4.2629117059095083e-06
-0.99979151185198112	5.4197500901189406e-06
-0.99975820443698404	6.7689116351685033e-06
-0.99972243021800056	8.3251674269268596e-06
-0.99968418928329994	1.0103283441053338e-05
-0.99964348172723805	1.2118020178578145e-05
-0.99960030765025654	1.4384132301614347e-05
-0.9995546671588833	1.6916368269171691e-05
-0.9995065603657316	1.9729469973145402e-05
-0.99945598738950014	2.2838172374434514e-05
-0.9994029483549729	2.6257203139201586e-05
-0.99934744339301829	3.0001282275342013e-05
-0.9992894726405892	3.408512176906904e-05
-0.9992290362407229	3.8523425221714539e-05
-0.99916613434254009	4.3330887486714273e-05
-0.99910076710124496	4.8522194306778743e-05
-0.99903293467812471	5.4112021951275365e-05
-0.99896263724054912	6.0115036853815602e-05
-0.99888987496197001	6.65458952500931e-05
-0.9988146480219211	7.3419242815900873e-05
-0.99873695660601747	8.074971430540917e-05
-0.99865680090595499	8.8551933189718506e-05
-0.99857418111950969	9.6840511295630185e-05
-0.99848909745053793	0.00010563004844465771
-0.99840155010897502	0.00011493513209238126
-0.99831153931083538	0.0001247703369680124
-0.9982190652782118	0.000135150224714248
-0.99812412823927454	0.00014608934352750125
-0.99802672842827156	0.00015760222779828819
-0.99792686608552705	0.00016970339775207276
-0.99782454145744148	0.00018240735909032734
-0.99771975479649055	0.00019572860263200099
-0.99761250636122523	0.00020968160395518583
-0.99750279641627004	0.00022428082303934687
-0.99739062523232369	0.00023954070390763858
-0.99727599308615711	0.00025547567426983703
-0.99715890026061393	0.00027210014516540704
-0.99703934704460895	0.0002894285106071361
-0.99691733373312796	0.00030747514722499173
-0.99679286062722661	0.00032625441391052965
-0.99666592803402987	0.00034578065146153241
-0.99653653626673133	0.00036606818222717328
-0.99640468564459239	0.00038713130975356311
-0.99627037649294126	0.00040898431842970571
-0.9961336091431725	0.00043164147313387694
-0.99599438393274586	0.0004551170188804791
-0.99585270120518565	0.00047942518046732198
-0.99570856131008012	0.00050458016212329745
-0.99556196460308	0.00053059614715665355
-0.99541291144589816	0.00055748729760361131
-0.99526140220630832	0.00058526775387751954
-0.99510743725814454	0.00061395163441846194
-0.99495101698130017	0.00064355303534338799
-0.99479214176172648	0.0006740860300967677
-0.99463081199143233	0.00070556466910166047
-0.99446702806848297	0.00073800297941140742
-0.99430079039699892	0.0007714149643617865
-0.99413209938715508	0.00080581460322371476
-0.99396095545517971	0.00084121585085652627
-0.99378735902335347	0.00087763263736169786
-0.9936113105200084	0.00091507886773726545
-0.99343281037952658	0.00095356842153269635
-0.99325185904233937	0.00099311515250440356
-0.99306845695492629	0.0010337328882717768
-0.9928826045698137	0.0010754354299738684
-0.99269430234557376	0.0011182365519266278
-0.99250355074682373	0.0011621500012806945
-0.99231035024422409	0.0012071894976799624
-0.99211470131447788	0.0012533687329205701
-0.99191660444032925	0.0013007013706106579
-0.9917160601105629	0.0013492010458305893
-0.99151306882000168	0.0013988813647941435
-0.99130763106950659	0.0014497559045098939
-0.99109974736597484	0.0015018382124436386
-0.99088941822233867	0.0015551418061813403
-0.99067664415756451	0.0016096801730926388
-0.99046142569665119	0.0016654667699952299
-0.9902437633706288	0.0017225150228198508
-0.99002365771655754	0.0017808383262759139
-0.98980110927752618	0.0018404500435178529
-0.98957611860265093	0.0019013635058122806
-0.98934868624707395	0.0019635920122057439
-0.98911881277196179	0.0020271488291932625
-0.98888649874450452	0.0020920471903875374
-0.98865174473791406	0.0021583002961889633
-0.9884145513314222	0.0022259213134564809
-0.98817491911028055	0.0022949233751788207
-0.98793284866575737	0.0023653195801470526
-0.98768834059513777	0.0024371229926273006
-0.98744139550172083	0.0025103466420348204
-0.98719201399481915	0.0025850035226084008
-0.98694019668975685	0.0026611065930857354
-0.98668594420786804	0.0027386687763797123
-0.98642925717649543	0.0028177029592552525
-0.98617013622898886	0.0028982219920071538
-0.98590858200470333	0.0029802386881387158
-0.98564459514899805	0.0030637658240410984
-0.98537817631323421	0.0031488161386736533
-0.98510932615477398	0.00323540233324494
-0.98483804533697816	0.0033235370708948452
-0.98456433452920533	0.0034132329763771432
-0.98428819440680981	0.0035045026357433547
-0.9840096256511397	0.0035973585960272728
-0.98372862894953583	0.003691813364930234
-0.98344520499532972	0.0037878794105075508
-0.98315935448784153	0.0038855691608557317
-0.98287107813237917	0.003984895003800391
-0.9825803766402359	0.0040858692865853898
-0.98228725072868861	0.0041885043155627192
-0.98199170112099654	0.0042928123558832205
-0.9816937285463988	0.0043988056311884908
-0.98139333374011328	0.0045064963233033854
-0.98109051744333409	0.0046158965719298459
-0.98078528040323043	0.0047270184743412611
-0.98047762337294442	0.0048398740850780653
-0.98016754711158904	0.0049544754156442732
-0.97985505238424686	0.0050708344342048021
-0.97954013996196743	0.005188963065284052
-0.97922281062176575	0.0053088731894651601
-0.97890306514662062	0.0054305766430904198
-0.97858090432547207	0.0055540852179627375
-0.97825632895322001	0.0056794106610479067
-0.97792933983072183	0.005806564674178105
-0.97759993776479071	0.0059355589137561745
-0.97726812356819348	0.0060664049904611828
-0.9769338980596487	0.0061991144689547018
-0.97659726206382458	0.0063336988675885171
-0.97625821641133703	0.006470169658112891
-0.97591676193874732	0.0066085382653864348
-0.97557289948856074	0.0067488160670863368
-0.97522662990922337	0.0068910143934205479
-0.97487795405512123	0.0070351445268400786
-0.97452687278657713	0.0071812177017531046
-0.97417338696984934	0.0073292451042397131
-0.97381749747712887	0.0074792378717680654
-0.97345920518653772	0.0076312070929112873
-0.97309851098212652	0.0077851638070657574
-0.97273541575387235	0.0079411190041704157
-0.97236992039767656	0.0080990836244270795
-0.97200202581536266	0.0082590685580220639
-0.97163173291467386	0.0084210846448487565
-0.97125904260927132	0.0085851426742312702
-0.97088395581873099	0.0087512533846497136
-0.97050647346854246	0.008919427463465808
-0.9701265964901058	0.0090896755466503606
-0.96974432582072978	0.0092620082185115218
-0.96935966240362925	0.009436436011424321
-0.96897260718792289	0.0096129694055613717
-0.96858316112863108	0.0097916188286246396
-0.96819132518667317	0.0099723946555786373
-0.96779710032886546	0.01015530720838443
-0.96740048752791852	0.010340366755735284
-0.967001487762435	0.010527583512793039
-0.96660010201690738	0.010716967640926058
-0.96619633128171467	0.010908529247448385
-0.96579017655312138	0.01110227838535954
-0.96538163883327388	0.011298225053086428
-0.96497071913019827	0.011496379194225867
-0.96455741845779808	0.011696750697288422
-0.96414173783585166	0.011899349395443638
-0.96372367829000971	0.01210418506626639
-0.96330324085179242	0.012311267431484653
-0.96288042655858763	0.012520606156728184
-0.96245523645364728	0.012732210851278996
-0.96202767158608593	0.012946091067822397
-0.96159773301087714	0.013162256302200118
-0.96116542178885189	0.013380715993163842
-0.96073073898669503	0.013601479522130951
-0.96029368567694307	0.013824556212940684
-0.95985426293798171	0.014049955331612185
-0.95941247185404288	0.014277686086103584
-0.95896831351520206	0.014507757626072492
-0.95852178901737584	0.014740179042637762
-0.95807289946231922	0.014974959368142398
-0.95762164595762223	0.015212107575918348
-0.95716802961670833	0.015451632580051777
-0.95671205155883043	0.015693543235150528
-0.95625371290906946	0.01593784833611208
-0.95579301479833012	0.016184556617893829
-0.95532995836333934	0.016433676755283674
-0.95486454474664295	0.01668521736267271
-0.95439677509660259	0.016939186993829108
-0.95392665056739356	0.01719559414167298
-0.9534541723190012	0.017454447238053263
-0.95297934151721886	0.017715754653525245
-0.95250215933364413	0.017979524697130243
-0.95202262694567663	0.018245765616175975
-0.95154074553651491	0.018514485596018735
-0.95105651629515353	0.018785692759846741
-0.95056994041637999	0.01905939516846511
-0.9500810191007717	0.019335600820082177
-0.94958975355469366	0.019614317650096743
-0.9490961449902946	0.019895553530887716
-0.9486001946255046	0.020179316271604113
-0.94810190368403202	0.02046561361795721
-0.94760127339536004	0.020754453252013867
-0.94709830499474423	0.021045842791991221
-0.94659299972320921	0.021339789792052855
-0.9460853588275453	0.021636301742106668
-0.94557538356030613	0.021935386067603625
-0.94506307517980481	0.0222370501293386
-0.94454843495011143	0.022541301223252191
-0.94403146414104977	0.022848146580234124
-0.9435121640281936	0.023157593365928455
-0.94299053589286441	0.023469648680539718
-0.94246658102212788	0.023784319558640622
-0.94194030070879065	0.024101612968981743
-0.94141169625139687	0.024421535814302241
-0.94088076895422545	0.024744094931141991
-0.94034752012728695	0.02506929708965544
-0.93981195108631965	0.025397148993426991
-0.93927406315278705	0.025727657279287639
-0.93873385765387407	0.026060828517133375
-0.93819133592248416	0.026396669209744879
-0.93764649929723554	0.026735185792608904
-0.93709934912245885	0.027076384633740815
-0.9365498867481924	0.027420272033509448
-0.93599811353017992	0.027766854224462519
-0.93544403082986738	0.028116137371153892
-0.93488764001439828	0.028468127569973162
-0.93432894245661202	0.028822830848975235
-0.93376793953503923	0.029180253167712875
-0.93320463263389852	0.029540400417070289
-0.9326390231430941	0.029903278419097554
-0.93207111245821095	0.030268892926847892
-0.93150090198051227	0.030637249624215625
-0.93092839311693565	0.031008354125775794
-0.93035358728008999	0.031382211976625413
-0.92977648588825135	0.031758828652226609
-0.92919709036536025	0.032138209558250669
-0.92861540214101734	0.032520360030424349
-0.92803142265048055	0.032905285334377206
-0.92744515333466127	0.033292990665490789
-0.9268565956401208	0.033683481148749347
-0.92626575101906661	0.034076761838592325
-0.92567262092934921	0.034472837718767885
-0.92507720683445804	0.034871713702188757
-0.92447951020351815	0.035273394630789157
-0.92387953251128674	0.03567788527538325
-0.92327727523814895	0.036085190335525916
-0.92267273987011478	0.036495314439374205
-0.92206592789881514	0.036908262143551002
-0.92145684082149837	0.037324037933010007
-0.9208454801410263	0.037742646220902613
-0.92023184736587027	0.038164091348446325
-0.9196159440101086	0.038588377584794158
-0.91899777159342133	0.039015509126906933
-0.91837733164108759	0.039445490099425919
-0.91775462568398114	0.039878324554548011
-0.91712965525856716	0.04031401647190197
-0.9165024219068979	0.040752569758426609
-0.91587292717660951	0.041193988248250414
-0.91524117262091753	0.041638275702573106
-0.91460715979861351	0.042085435809548585
-0.9139708902740612	0.042535472184169316
-0.91333236561719222	0.042988388368153177
-0.91269158740350276	0.043444187829830831
-0.91204855721404943	0.04390287396403568
-0.91140327663544518	0.044364450091995106
-0.91075574725985586	0.044828919461223173
-0.91010597068499566	0.045296285245415534
-0.90945394851412376	0.045766550544345426
-0.90879968235604003	0.046239718383761584
-0.90814317382508125	0.046715791715287974
-0.90748442454111689	0.047194773416324907
-0.9068234361295453	0.047676666289952048
-0.9061602102212899	0.048161473064832788
-0.90549474845279421	0.048649196395121101
-0.90482705246601958	0.049139838860368427
-0.90415712390843894	0.049633402965434691
-0.90348496443303483	0.050129891140398133
-0.9028105756982937	0.050629305740469657
-0.90213395936820284	0.051131649045906523
-0.90145511711224557	0.051636923261929341
-0.90077405060539806	0.052145130518639567
-0.90009076152812395	0.052656272870939914
-0.89940525156637097	0.053170352298455487
-0.89871752241156722	0.053687370705456476
-0.89802757576061554	0.054207329920784107
-0.89733541331589117	0.054730231697775841
-0.89664103678523588	0.055256077714194801
-0.89594444788195471	0.055784869572159099
-0.89524564832481157	0.05631660879807359
-0.89454463983802501	0.056851296842563133
-0.89384142415126377	0.057388935080407967
-0.89313600299964246	0.057929524810480491
-0.89242837812371789	0.058473067255683152
-0.89171855126948385	0.059019563562889517
-0.89100652418836779	0.059569014802885428
-0.8902922986372257	0.060121421970313185
-0.8895758763783379	0.060676785983616803
-0.88885725917940539	0.061235107684988604
-0.88813644881354448	0.061796387840318628
-0.88741344705928327	0.062360627139144822
-0.88668825570055643	0.062927826194605449
-0.88596087652670186	0.063497985543392685
-0.88523131133245514	0.064071105645708837
-0.8844995619179461	0.064647186885223112
-0.88376563008869347	0.065226229569031471
-0.883029517655601	0.065808233927616977
-0.88229122643495328	0.066393200114812242
-0.88155075824841023	0.066981128207764445
-0.88080811492300359	0.067572018206900591
-0.88006329829113183	0.068165870035895942
-0.87931631019055623	0.068762683541642833
-0.87856715246439532	0.069362458494222762
-0.8778158269611217	0.069965194586878374
-0.87706233553455604	0.070570891435989283
-0.87630668004386358	0.071179548581047539
-0.87554886235354923	0.071791165484636155
-0.8747888843334527	0.072405741532409293
-0.87402674785874446	0.073023276033073348
-0.87326245480992015	0.073643768218371028
-0.87249600707279706	0.074267217243065772
-0.87172740653850878	0.074893622184929148
-0.87095665510350084	0.075522982044728959
-0.87018375466952569	0.076155295746220097
-0.86940870714363816	0.076790562136136414
-0.8686315144381912	0.077428779984184154
-0.86785217847083052	0.078069947983038068
-0.86707070116449003	0.078714064748338461
-0.86628708444738745	0.079361128818690063
-0.8655013302530189	0.080011138655663269
-0.86471344052015497	0.080664092643795871
-0.86392341719283527	0.081319989090597997
-0.86313126222036374	0.081978826226557888
-0.86233697755730387	0.082640602205149696
-0.86154056516347444	0.083305315102842434
-0.86074202700394353	0.083972962919112049
-0.85994136504902496	0.084643543576453456
-0.85913858127427245	0.085317054920395902
-0.85833367766047486	0.085993494719519309
-0.8575266561936522	0.086672860665471779
-0.85671751886504954	0.087355150372990284
-0.85590626767113298	0.088040361379921828
-0.855092904613584	0.088728491147247179
-0.85427743169929515	0.089419537059105492
-0.85345985094036481	0.090113496422821543
-0.85264016435409218	0.090810366468934076
-0.85181837396297255	0.091510144351226244
-0.85099448179469195	0.092212827146757673
-0.85016848988212212	0.092918411855898289
-0.84934040026331648	0.093626895402363214
-0.8485102149815037	0.094338274633251007
-0.84767793608508313	0.095052546319082151
-0.84684356562762064	0.095769707153839354
-0.8460071056678421	0.096489753755010857
-0.84516855826962956	0.097212682663633643
-0.84432792550201508	0.097938490344340309
-0.84348520943917671	0.098667173185405813
-0.84264041216043217	0.09939872749879762
-0.84179353575023519	0.10013314952022569
-0.84094458229816904	0.10087043540919648
-0.8400935538989418	0.10161058124906686
-0.83924045265238167	0.10235358304710013
-0.83838528066343099	0.10309943673452464
-0.83752804004214165	0.10384813816659282
-0.83666873290366972	0.10459968312264302
-0.83580736136827027	0.10535406730616224
-0.83494392756129165	0.10611128634485166
-0.83407843361317113	0.10687133579069213
-0.83321088165942903	0.10763421112001344
-0.83234127384066336	0.10839990773356374
-0.83146961230254524	0.10916842095658119
-0.83059589919581256	0.10993974603886789
-0.82972013667626587	0.11071387815486414
-0.82884232690476189	0.11149081240372612
-0.82796247204720907	0.11227054380940367
-0.82708057427456172	0.1130530673207211
-0.82619663576281521	0.11383837781145836
-0.82531065869299958	0.11462647008043565
-0.82442264525117537	0.11541733885159779
-0.82353259762842745	0.11621097877410165
-0.8226405180208598	0.11700738442240498
-0.82174640862959025	0.11780655029635634
-0.82085027166074476	0.11860847082128764
-0.81995210932545237	0.11941314034810752
-0.81905192383983905	0.12022055315339734
-0.8181497174250234	0.12103070343950734
-0.81724549230710986	0.12184358533465663
-0.81633925071718394	0.12265919289303295
-0.81543099489130677	0.12347752009489484
-0.81452072707050938	0.12429856084667569
-0.81360844950078692	0.12512230898108936
-0.81269416443309395	0.12594875825723686
-0.81177787412333768	0.12677790236071598
-0.81085958083237342	0.12760973490373118
-0.80993928682599869	0.12844424942520577
-0.80901699437494745	0.12928143939089623
-0.80809270575488445	0.13012129819350746
-0.8071664232464002	0.13096381915280952
-0.80623814913500469	0.13180899551575725
-0.80530788571112188	0.1326568204566102
-0.80437563527008449	0.13350728707705453
-0.80344140011212761	0.13436038840632761
-0.80250518254238368	0.13521611740134257
-0.80156698487087652	0.13607446694681558
-0.80062680941251563	0.1369354298553947
-0.79968465848709047	0.13779899886779023
-0.79874053441926485	0.13866516665290629
-0.79779443953857099	0.13953392580797469
-0.7968463761794039	0.14040526885869017
-0.79589634668101583	0.14127918825934688
-0.79494435338751002	0.14215567639297719
-0.79399039864783527	0.14303472557149155
-0.79303448481578021	0.14391632803582005
-0.792076614249967	0.14480047595605622
-0.79111678931384621	0.14568716143160121
-0.7901550123756903	0.14657637649131072
-0.78919128580858844	0.14746811309364302
-0.78822561199043994	0.14836236312680876
-0.78725799330394919	0.14925911840892184
-0.78628843213661892	0.15015837068815283
-0.78531693088074495	0.1510601116428831
-0.78434349193341002	0.15196433288186106
-0.78336811769647807	0.1528710259443595
-0.7823908105765881	0.15378018230033511
-0.78141157298514807	0.15469179335058919
-0.78043040733832969	0.1556058504269299
-0.77944731605706141	0.15652234479233654
-0.77846230156702345	0.15744126764112432
-0.77747536629864089	0.1583626100991124
-0.77648651268707858	0.15928636322379155
-0.77549574317223446	0.16021251800449501
-0.77450306019873383	0.1611410653625697
-0.77350846621592317	0.16207199615155007
-0.77251196367786434	0.16300530115733211
-0.77151355504332841	0.16394097109835029
-0.77051324277578914	0.16487899662575567
-0.76951102934341797	0.16581936832359412
-0.7685069172190766	0.16676207670898879
-0.76750090888031197	0.16770711223232149
-0.76649300680934984	0.16865446527741676
-0.76548321349308812	0.1696041261617281
-0.76447153142309154	0.17055608513652407
-0.76345796309558511	0.17151033238707727
-0.76244251101144789	0.17246685803285433
-0.76142517767620677	0.17342565212770739
-0.76040596560003093	0.17438670466006673
-0.75938487729772464	0.17535000555313604
-0.75836191528872177	0.17631554466508773
-0.75733708209707951	0.17728331178926046
-0.75631038025147201	0.17825329665435835
-0.75528181228518354	0.17922548892465157
-0.75425138073610376	0.1801998782001771
-0.75321908814672001	0.18117645401694366
-0.75218493706411138	0.18215520584713546
-0.7511489300399431	0.18313612309931845
-0.75011106963045948	0.18411919511864866
-0.74907135839647787	0.18510441118708074
-0.7480297989033825	0.18609176052357873
-0.74698639372111775	0.18708123228432844
-0.74594114542418211	0.18807281556295047
-0.744894056591622	0.18906649939071513
-0.743845129807025	0.19006227273675896
-0.7427943676585137	0.1910601245083024
-0.7417417727387392	0.19206004355086881
-0.74068734764487487	0.19306201864850511
-0.73963109497860968	0.19406603852400395
-0.73857301734614222	0.19507209183912652
-0.73751311735817393	0.19608016719482768
-0.73645139762990242	0.19709025313148243
-0.73538786078101581	0.1981023381291124
-0.73432250943568556	0.19911641060761573
-0.73325534622255994	0.20013245892699719
-0.73218637377475837	0.20115047138759931
-0.73111559472986409	0.20217043623033557
-0.73004301172991781	0.20319234163692554
-0.72896862742141155	0.20421617573012912
-0.72789244445528167	0.20524192657398516
-0.72681446548690276	0.20626958217404884
-0.72573469317608086	0.20729913047763143
-0.72465313018704658	0.2083305593740423
-0.72356977918844934	0.20936385669483007
-0.72248464285334979	0.21039901021402752
-0.72139772385921419	0.21143600764839554
-0.72030902488790682	0.21247483665767061
-0.71921854862568457	0.21351548484481112
-0.71812629776318881	0.21455793975624801
-0.71703227499544009	0.21560218888213351
-0.7159364830218311	0.21664821965659303
-0.7148389245461193	0.21769601945797909
-0.7137396022764213	0.21874557560912394
-0.71263851892520536	0.21979687537759593
-0.71153567720928534	0.2208499059759555
-0.71043107984981335	0.22190465456201394
-0.70932472957227388	0.22296110823909146
-0.70821662910647598	0.22401925405627862
-0.70710678118654746	0.2250790790086975
-0.70599518855092791	0.2261405700377643
-0.70488185394236136	0.22720371403145456
-0.70376678010789051	0.22826849782456715
-0.70264996979884919	0.2293349081989918
-0.7015314257708557	0.23040293188397654
-0.70041115078380622	0.23147255555639709
-0.69928914760186822	0.23254376584102618
-0.69816541899347262	0.23361654931080617
-0.69703996773130827	0.23469089248712072
-0.69591279659231431	0.23576678184006888
-0.69478390835767345	0.23684420378874024
-0.69365330581280493	0.23792314470149106
-0.69252099174735848	0.23900359089622089
-0.69138696895520646	0.240085528640652
-0.69025124023443707	0.24116894415260876
-0.68911380838734848	0.24225382360029776
-0.6879746762204404	0.24334015310259069
-0.68683384654440827	0.24442791872930678
-0.68569132217413586	0.24551710650149711
-0.68454710592868873	0.24660770239172988
-0.68340120063130627	0.24769969232437736
-0.68225360910939647	0.24879306217590222
-0.68110433419452687	0.24988779777514786
-0.67995337872241912	0.25098388490362683
-0.67880074553294167	0.25208130929581207
-0.67764643747010223	0.25318005663942883
-0.67649045738204117	0.25428011257574795
-0.67533280812102436	0.25538146269987966
-0.6741734925434365	0.25648409256106874
-0.67301251350977331	0.2575879876629909
-0.67184987388463524	0.25869313346404965
-0.67068557653672001	0.25979951537767526
-0.66951962433881551	0.26090711877262351
-0.66835202016779305	0.26201592897327647
-0.66718276690459966	0.26312593125994366
-0.66601186743425156	0.26423711086916468
-0.66483932464582696	0.26534945299401236
-0.66366514143245847	0.26646294278439786
-0.66248932069132649	0.26757756534737537
-0.66131186532365183	0.26869330574744898
-0.66013277823468863	0.26981014900688016
-0.65895206233371695	0.27092808010599606
-0.65776972053403593	0.27204708398349875
-0.65658575575295641	0.27316714553677607
-0.65540017091179381	0.27428824962221243
-0.65421296893586101	0.27541038105550142
-0.6530241527544608	0.27653352461195885
-0.65183372530087869	0.27765766502683731
-0.65064168951237644	0.27878278699564041
-0.64944804833018366	0.27990887517443985
-0.64825280469949131	0.28103591418019191
-0.64705596156944423	0.2821638885910549
-0.64585752189313406	0.28329278294670862
-0.64465748862759131	0.28442258174867369
-0.64345586473377892	0.28555326946063192
-0.64225265317658442	0.2866848305087481
-0.64104785692481248	0.28781724928199243
-0.63984147895117838	0.28895051013246287
-0.63863352223229974	0.2900845973757103
-0.63742398974868963	0.29121949529106261
-0.63621288448474933	0.29235518812195077
-0.63500020942876068	0.29349166007623545
-0.63378596757287853	0.29462889532653447
-0.63257016191312443	0.29576687801055052
-0.63135279544937772	0.29690559223140123
-0.63013387118536901	0.29804502205794842
-0.62891339212867303	0.29918515152512831
-0.62769136129070047	0.30032596463428429
-0.62646778168669082	0.30146744535349818
-0.62524265633570508	0.30260957761792362
-0.62401598826061855	0.30375234533011969
-0.62278778048811245	0.3048957323603862
-0.62155803604866766	0.30603972254709794
-0.62032675797655601	0.30718429969704208
-0.61909394930983397	0.30832944758575404
-0.61785961309033433	0.3094751499578553
-0.61662375236365896	0.31062139052739235
-0.61538637017917142	0.31176815297817484
-0.61414746958998923	0.31291542096411623
-0.61290705365297649	0.3140631781095734
-0.61166512542873597	0.31521140800968878
-0.61042168798160257	0.3163600942307313
-0.60917674437963409	0.31750922031044004
-0.60793029769460538	0.3186587697583661
-0.60668235100199963	0.3198087260562178
-0.60543290738100142	0.32095907265820467
-0.60418196991448836	0.32210979299138259
-0.60292954168902468	0.32326087045600005
-0.60167562579485234	0.32441228842584413
-0.60042022532588391	0.32556403024858888
-0.59916334337969579	0.3267160792461411
-0.59790498305751882	0.32786841871499084
-0.59664514746423214	0.3290210319265589
-0.59538383970835485	0.33017390212754744
-0.59412106290203859	0.33132701254028929
-0.59285682016105923	0.33248034636309987
-0.5915911146048104	0.33363388677062739
-0.59032394935629451	0.33478761691420583
-0.58905532754211598	0.33594151992220656
-0.58778525229247314	0.33709557890039205
-0.5865137267411501	0.33824977693226954
-0.58524075402551001	0.33940409707944452
-0.5839663372864865	0.34055852238197587
-0.58269047966857612	0.34171303585873158
-0.58141318431983047	0.34286762050774366
-0.58013445439184941	0.34402225930656438
-0.57885429303977143	0.34517693521262394
-0.57757270342226763	0.34633163116358667
-0.57628968870153285	0.34748633007770957
-0.57500525204327857	0.34864101485419968
-0.57371939661672433	0.34979566837357368
-0.57243212559459078	0.35095027349801633
-0.57114344215309121	0.35210481307174035
-0.56985334947192368	0.3532592699213466
-0.56856185073426391	0.35441362685618394
-0.56726894912675652	0.35556786666871087
-0.56597464783950757	0.35672197213485674
-0.56467895006607705	0.35787592601438295
-0.56338185900347026	0.35902971105124543
-0.56208337785213058	0.36018330997395742
-0.56078350981593106	0.36133670549595243
-0.55948225810216701	0.36248988031594648
-0.55817962592154735	0.36364281711830393
-0.55687561648818795	0.36479549857339877
-0.55557023301960218	0.36594790733798177
-0.55426347873669402	0.36710002605554337
-0.55295535686374986	0.36825183735667949
-0.55164587062843029	0.36940332385945696
-0.55033502326176231	0.37055446816977955
-0.54902281799813168	0.37170525288175293
-0.54770925807527449	0.37285566057805275
-0.54639434673426901	0.3740056738302901
-0.54507808721952855	0.37515527519937869
-0.54376048277879241	0.37630444723590278
-0.54244153666311867	0.37745317248048382
-0.54112125212687578	0.37860143346414893
-0.53979963242773465	0.37974921270869866
-0.53847668082666011	0.38089649272707599
-0.53715240058790426	0.38204325602373351
-0.53582679497899655	0.38318948509500395
-0.53449986727073728	0.38433516242946764
-0.53317162073718871	0.38548027050832301
-0.53184205865566669	0.38662479180575582
-0.53051118430673405	0.38776870878930791
-0.52917900097419057	0.38891200392024844
-0.52784551194506646	0.39005465965394287
-0.52651072050961301	0.39119665844022422
-0.52517462996129571	0.39233798272376219
-0.52383724359678496	0.39347861494443537
-0.5224985647159488	0.39461853753770021
-0.52115859662184438	0.39575773293496347
-0.51981734262070944	0.3968961835639524
-0.51847480602195506	0.39803387184908606
-0.51713099013815711	0.39917078021184632
-0.51578589828504751	0.40030689107115003
-0.51443953378150653	0.40144218684372002
-0.51309189994955473	0.40257664994445663
-0.51174300011434481	0.4037102627868091
-0.5103928376041531	0.40484300778314825
-0.50904141575037132	0.4059748673451376
-0.50768873788749835	0.40710582388410571
-0.50633480735313252	0.40823585981141775
-0.50497962748796299	0.40936495753884716
-0.50362320163576069	0.41049309947894969
-0.50226553314337241	0.41162026804543228
-0.50090662536070985	0.41274644565352797
-0.49954648164074295	0.41387161472036682
-0.49818510533949079	0.41499575766534835
-0.49682249981601456	0.41611885691051276
-0.49545866843240749	0.41724089488091476
-0.49409361455378836	0.41836185400499382
-0.49272734154829151	0.41948171671494838
-0.49135985278706013	0.42060046544710522
-0.48999115164423668	0.42171808264229393
-0.48862124149695491	0.42283455074621773
-0.48725012572533222	0.42394985220982506
-0.48587780771246053	0.42506396948968217
-0.484504290844398	0.42617688504834456
-0.48312957851016081	0.42728858135472852
-0.48175367410171532	0.428399040884483
-0.48037658101396868	0.42950824612036054
-0.47899830264476101	0.43061617955258985
-0.47761884239485741	0.43172282367924542
-0.47623820366793906	0.43282816100661942
-0.47485638987059464	0.43393217404959367
-0.47347340441231212	0.43503484533200898
-0.47208925070547092	0.43613615738703632
-0.47070393216533252	0.43723609275754821
-0.4693174522100329	0.4383346339964877
-0.46792981426057328	0.43943176366723996
-0.46654102174081269	0.4405274643440012
-0.46515107807745842	0.44162171861214922
-0.4637599867000583	0.44271450906861326
-0.46236775104099165	0.44380581832224264
-0.46097437453546231	0.44489562899417595
-0.45957986062148787	0.44598392371821127
-0.45818421273989268	0.44707068514117421
-0.45678743433429947	0.4481558959232857
-0.45538952885112	0.44923953873853145
-0.45399049973954675	0.4503215962750301
-0.45259035045154533	0.45140205123539945
-0.45118908444184502	0.45248088633712535
-0.44978670516793023	0.45355808431292882
-0.4483832160900324	0.45463362791113238
-0.44697862067112115	0.45570749989602743
-0.44557292237689622	0.45677968304823968
-0.4441661246757786	0.45785016016509594
-0.44275823103890144	0.45891891406098961
-0.44134924494010264	0.45998592756774598
-0.43993916985591519	0.46105118353498759
-0.43852800926555924	0.46211466483049801
-0.43711576665093277	0.4631763543405879
-0.43570244549660486	0.46423623497045674
-0.43428804928980463	0.46529428964455849
-0.43287258152041386	0.46635050130696398
-0.43145604568095897	0.46740485292172351
-0.43003844526660118	0.46845732747322977
-0.42861978377512833	0.46950790796658004
-0.42720006470694682	0.470556577427937
-0.4257792915650726	0.47160331890489082
-0.42435746785512191	0.47264811546682012
-0.4229345970853034	0.47369095020525137
-0.42151068276640907	0.47473180623421996
-0.42008572841180614	0.47577066669062884
-0.41865973753742808	0.4768075147346077
-0.41723271366176518	0.4778423335498726
-0.41580466030585739	0.47887510634408231
-0.4143755809932842	0.47990581634919738
-0.41294547925015679	0.48093444682183673
-0.4115143586051086	0.48196098104363466
-0.41008222258928839	0.48298540232159587
-0.40864907473634904	0.48400769398845261
-0.40721491858244041	0.48502783940301908
-0.40577975766619995	0.48604582195054602
-0.40434359552874505	0.48706162504307415
-0.40290643571366264	0.48807523211978937
-0.40146828176700178	0.48908662664737412
-0.40002913723726469	0.49009579212036003
-0.39858900567539718	0.49110271206148076
-0.39714789063478073	0.49210737002202209
-0.39570579567122321	0.49310974958217363
-0.3942627243429509	0.49410983435137762
-0.3928186802105989	0.49510760796867959
-0.39137366683720248	0.49610305410307709
-0.3899276877881882	0.49709615645386751
-0.38848074663136611	0.4980868987509956
-0.38703284693691947	0.49907526475540137
-0.38558399227739637	0.50006123825936599
-0.38413418622770251	0.50104480308685695
-0.38268343236508978	0.50202594309387438
-0.38123173426914908	0.50300464216879426
-0.37977909552180106	0.50398088423271392
-0.37832551970728778	0.50495465323979249
-0.37687101041216259	0.50592593317759593
-0.37541557122528307	0.50689470806743719
-0.37395920573780034	0.50786096196471842
-0.37250191754315182	0.50882467895926931
-0.37104371023705113	0.50978584317568953
-0.36958458741747952	0.51074443877368536
-0.36812455268467781	0.5117004499484088
-0.36666360964113676	0.51265386093079446
-0.36520176189158782	0.51360465598789751
-0.36373901304299489	0.51455281942322828
-0.36227536670454569	0.5154983355770878
-0.3608108264876419	0.51644118882690282
-0.35934539600589066	0.51738136358755882
-0.35787907887509629	0.51831884431173314
-0.3564118787132507	0.51925361549022719
-0.35494379914052421	0.52018566165229752
-0.35347484377925709	0.5211149673659865
-0.35200501625395103	0.52204151723845205
-0.35053432019125891	0.52296529591629648
-0.34906275921997759	0.52388628808589388
-0.34759033697103692	0.52480447847371903
-0.34611705707749296	0.52571985184667192
-0.34464292317451711	0.52663239301240439
-0.34316793889938829	0.52754208681964487
-0.34169210789148319	0.52844891815852157
-0.34021543379226882	0.52935287196088543
-0.33873792024529142	0.53025393320063374
-0.33725957089616854	0.53115208689402915
-0.33578038939258065	0.53204731810002137
-0.33430037938426088	0.53293961192056671
-0.33281954452298662	0.53382895350094584
-0.33133788846257084	0.53471532803008193
-0.32985541485885284	0.53559872074085701
-0.32837212736968863	0.5364791169104286
-0.32688802965494262	0.53735650186054351
-0.3254031253764782	0.53823086095785255
-0.32391741819814934	0.53910217961422269
-0.32243091178579092	0.53997044328705035
-0.32094360980720937	0.54083563747957142
-0.31945551593217492	0.54169774774117141
-0.31796663383241103	0.54255675966769557
-0.31647696718158624	0.54341265890175583
-0.31498651965530461	0.54426543113303916
-0.31349529493109807	0.54511506209861216
-0.31200329668841487	0.54596153758322841
-0.31051052860861245	0.54680484341963065
-0.3090169943749474	0.54764496548885544
-0.30752269767256746	0.54848188972053424
-0.3060276421885007	0.54931560209319541
-0.30453183161164815	0.55014608863456338
-0.30303526963277388	0.55097333542185911
-0.30153795994449573	0.55179732858209618
-0.30003990624127636	0.55261805429237998
-0.29854111221941421	0.5534354987802016
-0.29704158157703481	0.55424964832373425
-0.29554131801408107	0.55506048925212592
-0.29404032523230406	0.55586800794579272
-0.29253860693525396	0.55667219083671049
-0.29103616682827188	0.55747302440870472
-0.28953300861847925	0.55827049519774097
-0.28802913601476898	0.55906458979221252
-0.2865245527277982	0.55985529483322716
-0.28501926246997611	0.56064259701489449
-0.28351326895545681	0.56142648308461041
-0.2820065759001294	0.56220693984334036
-0.28049918702160959	0.56298395414590274
-0.27899110603922922	0.5637575129012502
-0.27748233667402855	0.56452760307275041
-0.27597288264874564	0.56529421167846483
-0.27446274768780871	0.56605732579142731
-0.27295193551732533	0.56681693253992038
-0.27144044986507426	0.56757301910775215
-0.26992829446049621	0.56832557273452977
-0.26841547303468455	0.5690745807159332
-0.26690198932037562	0.56982003040398799
-0.26538784705193974	0.57056190920733585
-0.26387304996537292	0.5713002045915041
-0.26235760179828616	0.57203490407917512
-0.26084150628989672	0.57276599525045357
-0.25932476718102043	0.57349346574313131
-0.25780738821405985	0.57421730325295461
-0.25628937313299671	0.57493749553388629
-0.2547707256833821	0.57565403039836882
-0.25325144961232815	0.57636689571758459
-0.25173154866849701	0.57707607942171779
-0.25021102660209366	0.57778156950021142
-0.24868988716485468	0.57848335400202566
-0.2471681341100409	0.57918142103589376
-0.24564577119242642	0.57987575877057718
-0.24412280216829027	0.58056635543511925
-0.24259923079540729	0.5812531993190978
-0.24107506083303859	0.58193627877287502
-0.23955029604192188	0.58261558220784904
-0.23802494018426246	0.58329109809670177
-0.23649899702372471	0.58396281497364511
-0.23497247032542146	0.58463072143466821
-0.23344536385590539	0.58529480613778195
-0.23191768138316016	0.58595505780326096
-0.23038942667659054	0.58661146521388652
-0.22886060350701298	0.58726401721518739
-0.22733121564664638	0.58791270271567864
-0.22580126686910373	0.58855751068709905
-0.22427076094938109	0.58919843016464857
-0.22273970166385015	0.58983545024722361
-0.22120809279024703	0.5904685600976497
-0.21967593810766478	0.59109774894291522
-0.21814324139654262	0.5917230060744022
-0.2166100064386573	0.59234432084811528
-0.2150762370171132	0.59296168268491156
-0.21354193691633483	0.5935750810707261
-0.21200710992205465	0.59418450555679858
-0.21047175982130556	0.59478994575989685
-0.2089358904024117	0.59539139136254016
-0.20739950545497798	0.59598883211321996
-0.2058626087698813	0.59658225782662122
-0.20432520413926167	0.59717165838383923
-0.20278729535651244	0.59775702373259776
-0.20124888621627038	0.59833834388746521
-0.19970998051440716	0.59891560893006757
-0.19817058204801938	0.5994888090093029
-0.19663069461541996	0.6000579343415513
-0.19509032201612825	0.60062297521088592
-0.19354946805086012	0.60118392196928105
-0.19200813652151999	0.60174076503681917
-0.19046633123118994	0.6022934949018971
-0.18892405598412129	0.60284210212142941
-0.18738131458572446	0.60338657732105194
-0.18583811084256133	0.60392691119532205
-0.18429444856233332	0.60446309450791968
-0.18275033155387366	0.60499511809184436
-0.18120576362713733	0.60552297284961309
-0.17966074859319262	0.60604664975345446
-0.17811529026421008	0.60656613984550389
-0.17656939245345474	0.60708143423799532
-0.17502305897527598	0.60759252411345099
-0.17347629364509773	0.60809940072487256
-0.17192910027940966	0.60860205539592804
-0.17038148269575742	0.60910047952113844
-0.16883344471273376	0.60959466456606159
-0.1672849901499687	0.61008460206747661
-0.16573612282811978	0.61057028363356503
-0.1641868465688629	0.61105170094409089
-0.16263716519488364	0.61152884575058053
-0.16108708252986656	0.6120017098764976
-0.1595366023984861	0.61247028521742142
-0.15798572862639873	0.6129345637412178
-0.15643446504023087	0.61339453748821493
-0.15488281546757121	0.6138501985713718
-0.1533307837369606	0.6143015391764487
-0.15177837367788352	0.61474855156217512
-0.15022558912075701	0.61519122806041537
-0.14867243389692303	0.61562956107633415
-0.14711891183863729	0.61606354308855882
-0.14556502677906147	0.61649316664934184
-0.14401078255225228	0.61691842438471944
-0.1424561829931526	0.61733930899467226
-0.14090123193758253	0.61775581325327966
-0.13934593322222946	0.6181679300088766
-0.13779029068463813	0.61857565218420651
-0.13623430816320165	0.61897897277657399
-0.13467798949715262	0.61937788485799405
-0.13312133852655247	0.61977238157534287
-0.13156435909228251	0.62016245615050303
-0.13000705503603491	0.62054810188051057
-0.12844943020030283	0.62092931213769809
-0.1268914884283705	0.6213060803698377
-0.1253332335643042	0.62167840010028175
-0.12377466945294328	0.62204626492810156
-0.12221579993988936	0.62240966852822543
-0.12065662887149842	0.62276860465157458
-0.11909716009486963	0.62312306712519705
-0.11753739745783764	0.62347304985240048
-0.11597734480896146	0.62381854681288318
-0.11441700599751593	0.62415955206286344
-0.11285638487348153	0.62449605973520772
-0.11129548528753662	0.62482806403955549
-0.10973431109104531	0.62515555926244526
-0.10817286613604953	0.62547853976743639
-0.10661115427525993	0.62579699999523009
-0.10504917936204505	0.62611093446378929
-0.10348694525042251	0.62642033776845707
-0.1019244557950499	0.62672520458207115
-0.10036171485121485	0.62702552965507985
-0.098798726274825069	0.62732130781565454
-0.097235493922399482	0.62761253396980032
-0.095672021651058328	0.62789920310146619
-0.094108313318514228	0.62818131027265223
-0.092544372783062254	0.62845885062351614
-0.090980203903569798	0.62873181937247768
-0.089415810539468496	0.62900021181632104
-0.087851196550743249	0.62926402333029685
-0.08628636579792355	0.62952324936822002
-0.084721322142073271	0.62977788546256963
-0.083156069444782946	0.63002792722458267
-0.08159061156815757	0.6302733703443496
-0.080024952374808833	0.63051421059090751
-0.078459095727844944	0.63075044381232981
-0.076893045490861942	0.63098206593581596
-0.075326805527932694	0.63120907296777962
-0.073760379703598819	0.63143146099393366
-0.072193771882860538	0.63164922617937458
-0.070626985931166716	0.63186236476866509
-0.069060025714405934	0.63207087308591492
-0.067492895098896541	0.63227474753485946
-0.065925597951377743	0.63247398459893733
-0.06435813813899971	0.6326685808413659
-0.062790519529313457	0.63285853290521521
-0.061222745990261881	0.63304383751348026
-0.059654821390170761	0.63322449146915116
-0.05808674959773797	0.63340049165528212
-0.056518534482024339	0.63357183503505843
-0.054950179912445656	0.63373851865186137
-0.053381689758760481	0.63390053962933246
-0.051813067891062339	0.63405789517143463
-0.050244318179769536	0.63421058256251261
-0.048675444495616491	0.63435859916735182
-0.047106450709642617	0.63450194243123414
-0.045537340693184325	0.63464060987999305
-0.043968118317864832	0.63477459912006728
-0.042398787455584126	0.63490390783855188
-0.04082935197851012	0.6350285338032482
-0.03925981575906861	0.63514847486271175
-0.037690182669934416	0.63526372894629823
-0.036120456584021375	0.63537429406420831
-0.034550641374472342	0.63548016830753062
-0.032980740914650072	0.63558134984828218
-0.031410759078128334	0.63567783693944824
-0.029840699738681028	0.63576962791501967
-0.028270566770273047	0.6358567211900289
-0.0267003640470523	0.63593911526058367
-0.025130095443337469	0.63601680870389954
-0.02355976483361024	0.63608980017833072
-0.021989376092505071	0.6361580884233986
-0.020418933094800518	0.63622167225981896
-0.018848439715408113	0.63628055058952704
-0.017277899829364604	0.6363347223957021
-0.015707317311820585	0.63638418674278807
-0.014136696038032743	0.63642894277651418
-0.012566039883352713	0.63646898972391353
-0.010995352723218204	0.63650432689333991
-0.0094246384331438636	0.63653495367448154
-0.0078539008887112891	0.63656086953837554
-0.006283143965559004	0.63658207403741851
-0.0047123715393733515	0.6365985668053763
-0.00314158748587959	0.6366103475573921
-0.0015707956808310032	0.63661741608999201
0	0.63661977228109068
0.0015707956808310032	0.63661741608999201
0.00314158748587959	0.6366103475573921
0.0047123715393733515	0.6365985668053763
0.006283143965559004	0.63658207403741851
0.0078539008887112891	0.63656086953837554
0.0094246384331440856	0.63653495367448154
0.010995352723218204	0.63650432689333991
0.012566039883352713	0.63646898972391353
0.014136696038032743	0.63642894277651418
0.015707317311820585	0.63638418674278807
0.017277899829364382	0.6363347223957021
0.018848439715408335	0.63628055058952704
0.020418933094800518	0.63622167225981896
0.021989376092505071	0.6361580884233986
0.02355976483361024	0.63608980017833072
0.025130095443337469	0.63601680870389954
0.0267003640470523	0.63593911526058367
0.028270566770273269	0.6358567211900289
0.029840699738681028	0.63576962791501967
0.031410759078128334	0.63567783693944824
0.032980740914650072	0.63558134984828218
0.03455064137447212	0.63548016830753062
0.036120456584021375	0.63537429406420831
0.037690182669934638	0.63526372894629812
0.03925981575906861	0.63514847486271175
0.04082935197851012	0.6350285338032482
0.042398787455584126	0.63490390783855188
0.043968118317864832	0.63477459912006728
0.045537340693184325	0.63464060987999305
0.047106450709642839	0.63450194243123414
0.048675444495616491	0.63435859916735182
0.050244318179769536	0.63421058256251261
0.051813067891062117	0.63405789517143463
0.053381689758760481	0.63390053962933246
0.054950179912445656	0.63373851865186137
0.056518534482024561	0.63357183503505843
0.05808674959773797	0.63340049165528212
0.059654821390170761	0.63322449146915116
0.061222745990261881	0.63304383751348026
0.062790519529313235	0.63285853290521521
0.06435813813899971	0.6326685808413659
0.065925597951377965	0.63247398459893733
0.067492895098896541	0.63227474753485946
0.069060025714405712	0.63207087308591492
0.070626985931166716	0.63186236476866509
0.072193771882860538	0.63164922617937458
0.073760379703598819	0.63143146099393366
0.075326805527932916	0.63120907296777962
0.076893045490861942	0.63098206593581596
0.078459095727844944	0.63075044381232981
0.080024952374808611	0.63051421059090751
0.08159061156815757	0.6302733703443496
0.083156069444782946	0.63002792722458267
0.084721322142073494	0.62977788546256963
0.086286365797923328	0.62952324936822002
0.087851196550743249	0.62926402333029685
0.089415810539468496	0.62900021181632104
0.090980203903569798	0.62873181937247768
0.092544372783062254	0.62845885062351614
0.09410831331851445	0.62818131027265223
0.095672021651058328	0.62789920310146619
0.09723549392239926	0.62761253396980043
0.098798726274825069	0.62732130781565454
0.10036171485121485	0.62702552965507985
0.1019244557950499	0.62672520458207115
0.10348694525042251	0.62642033776845707
0.10504917936204505	0.62611093446378929
0.10661115427525993	0.62579699999523009
0.10817286613604953	0.62547853976743639
0.10973431109104531	0.62515555926244526
0.11129548528753662	0.62482806403955549
0.11285638487348175	0.62449605973520761
0.11441700599751572	0.62415955206286355
0.11597734480896146	0.62381854681288318
0.11753739745783764	0.62347304985240048
0.11909716009486963	0.62312306712519705
0.12065662887149819	0.62276860465157469
0.12221579993988958	0.62240966852822543
0.12377466945294328	0.62204626492810156
0.1253332335643042	0.62167840010028175
0.1268914884283705	0.6213060803698377
0.12844943020030283	0.62092931213769809
0.13000705503603491	0.62054810188051057
0.13156435909228251	0.62016245615050303
0.13312133852655247	0.61977238157534287
0.13467798949715262	0.61937788485799405
0.13623430816320165	0.61897897277657399
0.13779029068463813	0.61857565218420651
0.13934593322222946	0.6181679300088766
0.14090123193758275	0.61775581325327966
0.1424561829931526	0.61733930899467226
0.14401078255225228	0.61691842438471944
0.14556502677906147	0.61649316664934184
0.14711891183863729	0.61606354308855882
0.14867243389692281	0.61562956107633415
0.1502255891207572	0.61519122806041526
0.15177837367788352	0.61474855156217512
0.1533307837369606	0.6143015391764487
0.15488281546757121	0.6138501985713718
0.15643446504023087	0.61339453748821493
0.15798572862639873	0.6129345637412178
0.15953660239848633	0.6124702852174212
0.16108708252986656	0.6120017098764976
0.16263716519488364	0.61152884575058053
0.1641868465688629	0.61105170094409089
0.16573612282811956	0.61057028363356503
0.1672849901499687	0.61008460206747661
0.16883344471273398	0.60959466456606148
0.17038148269575742	0.60910047952113844
0.17192910027940966	0.60860205539592804
0.17347629364509773	0.60809940072487256
0.17502305897527598	0.60759252411345099
0.17656939245345474	0.60708143423799532
0.1781152902642103	0.60656613984550389
0.17966074859319262	0.60604664975345446
0.18120576362713733	0.60552297284961309
0.18275033155387344	0.60499511809184436
0.18429444856233332	0.60446309450791968
0.18583811084256133	0.60392691119532205
0.18738131458572466	0.60338657732105194
0.18892405598412129	0.60284210212142941
0.19046633123118994	0.6022934949018971
0.19200813652151999	0.60174076503681917
0.19354946805086012	0.60118392196928105
0.19509032201612825	0.60062297521088592
0.19663069461542018	0.60005793434155119
0.19817058204801938	0.5994888090093029
0.19970998051440694	0.59891560893006757
0.20124888621627038	0.59833834388746521
0.20278729535651244	0.59775702373259776
0.20432520413926167	0.59717165838383923
0.20586260876988152	0.59658225782662111
0.20739950545497798	0.59598883211321996
0.2089358904024117	0.59539139136254016
0.21047175982130556	0.59478994575989685
0.21200710992205465	0.59418450555679858
0.21354193691633483	0.5935750810707261
0.21507623701711343	0.59296168268491145
0.21661000643865708	0.59234432084811539
0.21814324139654262	0.5917230060744022
0.21967593810766478	0.59109774894291522
0.22120809279024703	0.5904685600976497
0.22273970166385015	0.58983545024722361
0.22427076094938131	0.58919843016464846
0.22580126686910373	0.58855751068709905
0.22733121564664638	0.58791270271567864
0.22886060350701298	0.58726401721518739
0.23038942667659054	0.58661146521388652
0.23191768138316016	0.58595505780326096
0.23344536385590539	0.58529480613778195
0.23497247032542146	0.58463072143466821
0.23649899702372471	0.58396281497364511
0.23802494018426246	0.58329109809670177
0.23955029604192188	0.58261558220784904
0.24107506083303859	0.58193627877287502
0.24259923079540749	0.58125319931909758
0.24412280216829027	0.58056635543511925
0.24564577119242642	0.57987575877057718
0.2471681341100409	0.57918142103589376
0.24868988716485468	0.57848335400202566
0.25021102660209343	0.57778156950021153
0.25173154866849723	0.57707607942171768
0.25325144961232815	0.57636689571758459
0.2547707256833821	0.57565403039836882
0.25628937313299671	0.57493749553388629
0.25780738821405985	0.57421730325295461
0.25932476718102043	0.57349346574313131
0.26084150628989694	0.57276599525045335
0.26235760179828616	0.57203490407917512
0.26387304996537292	0.5713002045915041
0.26538784705193974	0.57056190920733585
0.2669019893203754	0.56982003040398799
0.26841547303468455	0.5690745807159332
0.26992829446049643	0.56832557273452955
0.27144044986507426	0.56757301910775215
0.27295193551732533	0.56681693253992038
0.27446274768780871	0.56605732579142731
0.27597288264874564	0.56529421167846483
0.27748233667402833	0.56452760307275052
0.27899110603922939	0.5637575129012502
0.28049918702160959	0.56298395414590274
0.2820065759001294	0.56220693984334036
0.28351326895545664	0.56142648308461041
0.28501926246997611	0.56064259701489449
0.2865245527277982	0.55985529483322716
0.2880291360147692	0.55906458979221241
0.28953300861847925	0.55827049519774097
0.29103616682827188	0.55747302440870472
0.29253860693525396	0.55667219083671049
0.29404032523230383	0.55586800794579272
0.29554131801408107	0.55506048925212592
0.29704158157703503	0.55424964832373425
0.29854111221941421	0.5534354987802016
0.30003990624127613	0.55261805429237998
0.30153795994449573	0.55179732858209618
0.30303526963277388	0.55097333542185911
0.30453183161164815	0.55014608863456338
0.30602764218850087	0.5493156020931953
0.30752269767256746	0.54848188972053424
0.3090169943749474	0.54764496548885544
0.31051052860861222	0.54680484341963087
0.31200329668841487	0.54596153758322841
0.31349529493109807	0.54511506209861216
0.31498651965530483	0.54426543113303916
0.31647696718158608	0.54341265890175594
0.31796663383241103	0.54255675966769557
0.31945551593217492	0.54169774774117141
0.32094360980720937	0.54083563747957142
0.32243091178579092	0.53997044328705035
0.32391741819814951	0.53910217961422258
0.3254031253764782	0.53823086095785255
0.3268880296549424	0.53735650186054362
0.32837212736968863	0.5364791169104286
0.32985541485885284	0.53559872074085701
0.33133788846257084	0.53471532803008193
0.33281954452298662	0.53382895350094584
0.33430037938426088	0.53293961192056671
0.33578038939258065	0.53204731810002137
0.33725957089616854	0.53115208689402915
0.33873792024529142	0.53025393320063374
0.34021543379226882	0.52935287196088543
0.34169210789148335	0.52844891815852146
0.34316793889938813	0.52754208681964487
0.34464292317451711	0.52663239301240439
0.34611705707749296	0.52571985184667192
0.34759033697103692	0.52480447847371903
0.34906275921997759	0.52388628808589388
0.35053432019125913	0.52296529591629626
0.35200501625395103	0.52204151723845205
0.35347484377925709	0.5211149673659865
0.35494379914052421	0.52018566165229752
0.3564118787132507	0.51925361549022719
0.35787907887509629	0.51831884431173314
0.35934539600589066	0.51738136358755882
0.3608108264876419	0.51644118882690282
0.36227536670454569	0.5154983355770878
0.36373901304299489	0.51455281942322828
0.36520176189158782	0.51360465598789751
0.36666360964113676	0.51265386093079446
0.36812455268467803	0.51170044994840858
0.36958458741747952	0.51074443877368536
0.37104371023705113	0.50978584317568953
0.37250191754315182	0.50882467895926931
0.37395920573780034	0.50786096196471842
0.37541557122528291	0.50689470806743731
0.37687101041216281	0.50592593317759582
0.37832551970728778	0.50495465323979249
0.37977909552180106	0.50398088423271392
0.38123173426914908	0.50300464216879426
0.38268343236508978	0.50202594309387438
0.38413418622770251	0.50104480308685695
0.38558399227739654	0.50006123825936588
0.38703284693691947	0.49907526475540137
0.38848074663136611	0.4980868987509956
0.3899276877881882	0.49709615645386751
0.39137366683720226	0.49610305410307715
0.3928186802105989	0.49510760796867959
0.39426272434295107	0.49410983435137756
0.39570579567122321	0.49310974958217363
0.39714789063478073	0.49210737002202209
0.39858900567539718	0.49110271206148076
0.40002913723726469	0.49009579212036003
0.40146828176700178	0.48908662664737412
0.4029064357136628	0.48807523211978932
0.40434359552874505	0.48706162504307415
0.40577975766619995	0.48604582195054602
0.40721491858244019	0.4850278394030193
0.40864907473634904	0.48400769398845261
0.41008222258928839	0.48298540232159587
0.41151435860510882	0.48196098104363455
0.41294547925015679	0.48093444682183673
0.4143755809932842	0.47990581634919738
0.41580466030585739	0.47887510634408231
0.41723271366176518	0.4778423335498726
0.4186597375374283	0.47680751473460764
0.42008572841180636	0.47577066669062862
0.42151068276640907	0.47473180623421996
0.42293459708530318	0.47369095020525154
0.42435746785512207	0.47264811546681995
0.42577929156507277	0.47160331890489077
0.42720006470694705	0.47055657742793683
0.42861978377512833	0.46950790796658004
0.43003844526660095	0.46845732747322993
0.43145604568095874	0.46740485292172373
0.43287258152041402	0.46635050130696387
0.43428804928980463	0.46529428964455849
0.43570244549660486	0.46423623497045674
0.43711576665093277	0.4631763543405879
0.43852800926555879	0.46211466483049829
0.43993916985591519	0.46105118353498759
0.44134924494010264	0.45998592756774598
0.44275823103890144	0.45891891406098961
0.44416612467577882	0.45785016016509572
0.44557292237689639	0.45677968304823952
0.44697862067112115	0.45570749989602743
0.44838321609003218	0.4546336279111326
0.4497867051679304	0.4535580843129286
0.45118908444184519	0.45248088633712513
0.4525903504515455	0.45140205123539934
0.45399049973954675	0.4503215962750301
0.45538952885111977	0.44923953873853167
0.4567874343342993	0.44815589592328575
0.4581842127398929	0.44707068514117398
0.45957986062148787	0.44598392371821127
0.46097437453546231	0.44489562899417595
0.46236775104099204	0.4438058183222422
0.46375998670005791	0.44271450906861354
0.46515107807745842	0.44162171861214922
0.46654102174081269	0.4405274643440012
0.46792981426057328	0.43943176366723996
0.46931745221003313	0.43833463399648748
0.47070393216533229	0.43723609275754838
0.47208925070547092	0.43613615738703632
0.47347340441231212	0.43503484533200898
0.47485638987059448	0.43393217404959383
0.47623820366793929	0.43282816100661925
0.47761884239485763	0.43172282367924519
0.47899830264476101	0.43061617955258985
0.48037658101396846	0.42950824612036076
0.4817536741017151	0.42839904088448316
0.48312957851016097	0.42728858135472836
0.484504290844398	0.42617688504834456
0.48587780771246053	0.42506396948968217
0.48725012572533222	0.42394985220982506
0.48862124149695513	0.42283455074621751
0.48999115164423629	0.42171808264229421
0.49135985278706013	0.42060046544710522
0.4927273415482919	0.41948171671494805
0.49409361455378814	0.41836185400499404
0.49545866843240766	0.41724089488091459
0.49682249981601417	0.41611885691051304
0.49818510533949079	0.41499575766534835
0.49954648164074311	0.41387161472036677
0.50090662536070973	0.41274644565352819
0.50226553314337263	0.41162026804543217
0.5036232016357608	0.41049309947894969
0.50497962748796277	0.40936495753884738
0.50633480735313241	0.4082358598114178
0.50768873788749846	0.4071058238841056
0.50904141575037132	0.4059748673451376
0.5103928376041531	0.40484300778314825
0.51174300011434481	0.4037102627868091
0.51309189994955462	0.40257664994445663
0.51443953378150653	0.40144218684372002
0.51578589828504751	0.40030689107115003
0.51713099013815711	0.39917078021184632
0.5184748060219555	0.39803387184908573
0.51981734262070922	0.39689618356395256
0.52115859662184438	0.39575773293496347
0.5224985647159488	0.39461853753770021
0.52383724359678496	0.39347861494443537
0.52517462996129594	0.39233798272376208
0.52651072050961278	0.39119665844022433
0.52784551194506646	0.39005465965394287
0.52917900097419057	0.38891200392024844
0.53051118430673394	0.38776870878930808
0.53184205865566692	0.38662479180575565
0.53317162073718871	0.38548027050832301
0.53449986727073728	0.38433516242946764
0.53582679497899655	0.38318948509500395
0.53715240058790448	0.38204325602373329
0.53847668082665989	0.38089649272707621
0.53979963242773465	0.37974921270869866
0.54112125212687578	0.37860143346414893
0.54244153666311867	0.37745317248048393
0.54376048277879263	0.37630444723590262
0.54507808721952833	0.37515527519937897
0.54639434673426912	0.3740056738302901
0.54770925807527482	0.37285566057805253
0.54902281799813157	0.3717052528817531
0.55033502326176242	0.37055446816977938
0.55164587062843029	0.36940332385945696
0.55295535686374986	0.36825183735667949
0.5542634787366939	0.36710002605554343
0.55557023301960207	0.36594790733798194
0.55687561648818806	0.36479549857339866
0.55817962592154746	0.36364281711830376
0.5594822581021669	0.3624898803159467
0.56078350981593095	0.36133670549595248
0.56208337785213069	0.36018330997395737
0.56338185900347038	0.35902971105124526
0.56467895006607705	0.35787592601438295
0.56597464783950791	0.35672197213485646
0.56726894912675629	0.3555678666687111
0.56856185073426402	0.35441362685618377
0.56985334947192345	0.35325926992134682
0.57114344215309121	0.35210481307174041
0.57243212559459111	0.35095027349801611
0.57371939661672422	0.34979566837357379
0.57500525204327857	0.34864101485419968
0.57628968870153285	0.34748633007770957
0.57757270342226752	0.34633163116358684
0.57885429303977154	0.34517693521262377
0.58013445439184952	0.34402225930656427
0.58141318431983058	0.34286762050774361
0.58269047966857601	0.34171303585873164
0.58396633728648639	0.34055852238197604
0.5852407540255099	0.33940409707944458
0.58651372674115021	0.33824977693226949
0.58778525229247314	0.33709557890039205
0.58905532754211598	0.33594151992220656
0.59032394935629473	0.3347876169142055
0.59159111460481006	0.33363388677062772
0.59285682016105923	0.33248034636309987
0.59412106290203881	0.33132701254028896
0.59538383970835485	0.33017390212754744
0.59664514746423236	0.32902103192655874
0.5979049830575186	0.32786841871499101
0.59916334337969579	0.3267160792461411
0.60042022532588391	0.32556403024858888
0.60167562579485212	0.32441228842584441
0.60292954168902479	0.32326087045599977
0.60418196991448847	0.32210979299138243
0.60543290738100131	0.32095907265820472
0.60668235100199952	0.31980872605621796
0.60793029769460549	0.31865876975836599
0.60917674437963421	0.31750922031043999
0.61042168798160257	0.3163600942307313
0.61166512542873641	0.31521140800968844
0.61290705365297637	0.31406317810957352
0.61414746958998945	0.31291542096411601
0.61538637017917119	0.31176815297817512
0.61662375236365896	0.31062139052739235
0.61785961309033455	0.30947514995785508
0.61909394930983375	0.30832944758575415
0.62032675797655612	0.30718429969704197
0.62155803604866766	0.30603972254709794
0.62278778048811245	0.3048957323603862
0.62401598826061877	0.30375234533011947
0.6252426563357053	0.30260957761792345
0.62646778168669082	0.30146744535349812
0.62769136129070047	0.30032596463428429
0.62891339212867303	0.29918515152512837
0.6301338711853689	0.29804502205794847
0.63135279544937783	0.29690559223140112
0.63257016191312443	0.29576687801055052
0.63378596757287853	0.29462889532653447
0.63500020942876079	0.29349166007623528
0.63621288448474911	0.29235518812195105
0.63742398974868975	0.2912194952910625
0.63863352223230008	0.29008459737571002
0.63984147895117838	0.28895051013246287
0.6410478569248127	0.2878172492819922
0.64225265317658409	0.28668483050874838
0.64345586473377892	0.28555326946063186
0.64465748862759131	0.28442258174867369
0.64585752189313395	0.28329278294670873
0.64705596156944445	0.28216388859105479
0.64825280469949143	0.28103591418019186
0.64944804833018366	0.27990887517443985
0.65064168951237633	0.27878278699564052
0.65183372530087891	0.27765766502683709
0.65302415275446091	0.27653352461195868
0.65421296893586112	0.27541038105550136
0.65540017091179381	0.27428824962221243
0.6565857557529563	0.27316714553677618
0.65776972053403604	0.27204708398349864
0.65895206233371661	0.27092808010599628
0.66013277823468863	0.26981014900688016
0.66131186532365216	0.26869330574744865
0.66248932069132638	0.26757756534737548
0.66366514143245858	0.26646294278439769
0.66483932464582696	0.26534945299401236
0.66601186743425156	0.26423711086916468
0.66718276690459988	0.26312593125994344
0.66835202016779283	0.26201592897327669
0.66951962433881562	0.26090711877262351
0.67068557653672001	0.25979951537767526
0.67184987388463524	0.25869313346404965
0.6730125135097732	0.2575879876629909
0.67417349254343661	0.25648409256106863
0.67533280812102447	0.25538146269987955
0.67649045738204117	0.25428011257574795
0.67764643747010245	0.25318005663942855
0.67880074553294156	0.25208130929581213
0.67995337872241923	0.25098388490362683
0.68110433419452654	0.24988779777514819
0.68225360910939636	0.24879306217590236
0.6834012006313066	0.24769969232437708
0.6845471059286885	0.2466077023917301
0.68569132217413598	0.24551710650149702
0.68683384654440827	0.24442791872930678
0.68797467622044028	0.2433401531025908
0.68911380838734859	0.24225382360029768
0.69025124023443718	0.24116894415260864
0.69138696895520646	0.240085528640652
0.69252099174735848	0.23900359089622089
0.69365330581280482	0.23792314470149115
0.69478390835767345	0.23684420378874024
0.69591279659231442	0.23576678184006883
0.69703996773130827	0.23469089248712072
0.69816541899347262	0.23361654931080617
0.69928914760186833	0.23254376584102598
0.70041115078380611	0.2314725555563972
0.7015314257708557	0.23040293188397654
0.70264996979884942	0.22933490819899155
0.7037667801078904	0.22826849782456726
0.70488185394236158	0.22720371403145437
0.70599518855092758	0.22614057003776467
0.70710678118654746	0.2250790790086975
0.7082166291064762	0.22401925405627843
0.70932472957227377	0.2229611082390916
0.71043107984981357	0.22190465456201378
0.71153567720928534	0.2208499059759555
0.71263851892520536	0.21979687537759593
0.71373960227642119	0.218745575609124
0.71483892454611953	0.2176960194579789
0.71593648302183122	0.21664821965659295
0.7170322749954402	0.21560218888213339
0.7181262977631887	0.21455793975624812
0.71921854862568435	0.21351548484481137
0.72030902488790693	0.21247483665767047
0.72139772385921386	0.21143600764839582
0.72248464285334979	0.21039901021402752
0.72356977918844956	0.20936385669482988
0.72465313018704647	0.20833055937404243
0.72573469317608097	0.20729913047763135
0.72681446548690287	0.20626958217404873
0.72789244445528167	0.20524192657398521
0.72896862742141166	0.20421617573012904
0.73004301172991759	0.20319234163692571
0.73111559472986409	0.20217043623033557
0.73218637377475837	0.20115047138759931
0.73325534622255994	0.20013245892699721
0.73432250943568567	0.19911641060761562
0.73538786078101592	0.19810233812911227
0.73645139762990242	0.1970902531314824
0.73751311735817382	0.19608016719482776
0.73857301734614245	0.1950720918391263
0.73963109497860946	0.19406603852400411
0.74068734764487487	0.19306201864850511
0.7417417727387392	0.19206004355086881
0.74279436765851359	0.19106012450830251
0.74384512980702522	0.1900622727367588
0.74489405659162178	0.18906649939071532
0.74594114542418211	0.18807281556295047
0.74698639372111797	0.18708123228432824
0.74802979890338239	0.18609176052357884
0.74907135839647809	0.18510441118708051
0.75011106963045959	0.18411919511864852
0.7511489300399431	0.18313612309931845
0.75218493706411127	0.18215520584713554
0.75321908814671978	0.18117645401694382
0.75425138073610387	0.18019987820017702
0.75528181228518365	0.17922548892465143
0.7563103802514719	0.17825329665435843
0.75733708209707951	0.17728331178926049
0.75836191528872199	0.17631554466508756
0.75938487729772441	0.17535000555313626
0.76040596560003093	0.17438670466006673
0.76142517767620699	0.17342565212770714
0.76244251101144767	0.17246685803285447
0.76345796309558522	0.17151033238707716
0.76447153142309132	0.17055608513652429
0.76548321349308812	0.16960412616172812
0.76649300680935006	0.16865446527741657
0.76750090888031186	0.16770711223232157
0.76850691721907671	0.16676207670898874
0.76951102934341797	0.16581936832359412
0.77051324277578914	0.16487899662575567
0.77151355504332852	0.16394097109835018
0.77251196367786445	0.163005301157332
0.77350846621592328	0.16207199615154996
0.77450306019873383	0.16114106536256972
0.77549574317223435	0.1602125180044951
0.77648651268707847	0.15928636322379167
0.777475366298641	0.15836261009911232
0.77846230156702345	0.15744126764112432
0.77944731605706141	0.15652234479233654
0.78043040733832991	0.1556058504269297
0.78141157298514796	0.1546917933505893
0.7823908105765881	0.15378018230033505
0.78336811769647841	0.15287102594435922
0.78434349193340991	0.15196433288186117
0.78531693088074506	0.15106011164288305
0.7862884321366187	0.15015837068815302
0.78725799330394919	0.14925911840892184
0.78822561199043994	0.14836236312680876
0.78919128580858833	0.14746811309364313
0.79015501237569041	0.14657637649131064
0.79111678931384621	0.14568716143160118
0.792076614249967	0.14480047595605622
0.79303448481578009	0.14391632803582016
0.79399039864783549	0.14303472557149136
0.79494435338750979	0.14215567639297735
0.79589634668101583	0.14127918825934688
0.7968463761794039	0.14040526885869017
0.79779443953857088	0.13953392580797477
0.79874053441926496	0.13866516665290615
0.79968465848709025	0.1377989988677904
0.80062680941251563	0.1369354298553947
0.80156698487087674	0.13607446694681533
0.80250518254238357	0.13521611740134265
0.80344140011212772	0.13436038840632755
0.80437563527008449	0.13350728707705453
0.80530788571112188	0.1326568204566102
0.80623814913500491	0.13180899551575709
0.80716642324640009	0.13096381915280964
0.80809270575488457	0.13012129819350735
0.80901699437494745	0.12928143939089623
0.80993928682599869	0.1284442494252058
0.81085958083237331	0.12760973490373123
0.81177787412333779	0.12677790236071587
0.81269416443309395	0.12594875825723686
0.81360844950078692	0.12512230898108936
0.81452072707050949	0.12429856084667558
0.81543099489130666	0.12347752009489497
0.81633925071718394	0.12265919289303294
0.81724549230710952	0.12184358533465692
0.8181497174250234	0.12103070343950736
0.81905192383983927	0.12022055315339715
0.81995210932545215	0.1194131403481077
0.82085027166074476	0.11860847082128761
0.82174640862959025	0.11780655029635634
0.82264051802085969	0.11700738442240508
0.82353259762842757	0.11621097877410157
0.82442264525117537	0.11541733885159776
0.82531065869299958	0.11462647008043565
0.8261966357628151	0.11383837781145846
0.82708057427456172	0.11305306732072111
0.82796247204720896	0.11227054380940382
0.82884232690476189	0.1114908124037261
0.82972013667626587	0.11071387815486414
0.83059589919581256	0.1099397460388679
0.83146961230254535	0.10916842095658109
0.83234127384066325	0.10839990773356382
0.83321088165942903	0.10763421112001344
0.83407843361317135	0.10687133579069195
0.83494392756129154	0.10611128634485173
0.83580736136827039	0.10535406730616217
0.83666873290366961	0.10459968312264314
0.83752804004214165	0.10384813816659282
0.83838528066343121	0.10309943673452446
0.83924045265238156	0.1023535830471002
0.84009355389894191	0.10161058124906674
0.84094458229816904	0.10087043540919648
0.84179353575023519	0.10013314952022569
0.84264041216043217	0.09939872749879762
0.84348520943917671	0.098667173185405813
0.84432792550201508	0.097938490344340309
0.84516855826962956	0.097212682663633643
0.8460071056678421	0.096489753755010857
0.84684356562762053	0.095769707153839478
0.84767793608508324	0.095052546319082068
0.84851021498150347	0.094338274633251187
0.84934040026331648	0.093626895402363214
0.85016848988212235	0.092918411855898109
0.85099448179469173	0.092212827146757853
0.85181837396297255	0.091510144351226244
0.85264016435409218	0.090810366468934076
0.85345985094036481	0.090113496422821543
0.85427743169929526	0.089419537059105408
0.85509290461358389	0.08872849114724729
0.85590626767113298	0.088040361379921828
0.85671751886504954	0.087355150372990284
0.8575266561936522	0.086672860665471779
0.85833367766047475	0.08599349471951942
0.85913858127427245	0.085317054920395902
0.85994136504902496	0.084643543576453456
0.86074202700394353	0.083972962919112049
0.86154056516347455	0.083305315102842351
0.86233697755730376	0.082640602205149807
0.86313126222036374	0.081978826226557888
0.8639234171928355	0.081319989090597788
0.86471344052015497	0.080664092643795871
0.86550133025301901	0.080011138655663144
0.86628708444738722	0.079361128818690244
0.86707070116449003	0.078714064748338461
0.86785217847083063	0.078069947983037985
0.86863151443819109	0.077428779984184251
0.86940870714363827	0.076790562136136303
0.87018375466952569	0.076155295746220097
0.87095665510350084	0.075522982044728959
0.87172740653850878	0.074893622184929148
0.87249600707279718	0.074267217243065731
0.87326245480992015	0.073643768218371028
0.87402674785874446	0.073023276033073348
0.8747888843334527	0.072405741532409293
0.87554886235354912	0.071791165484636252
0.87630668004386369	0.071179548581047442
0.87706233553455581	0.070570891435989477
0.8778158269611217	0.069965194586878374
0.87856715246439554	0.069362458494222554
0.87931631019055612	0.068762683541642902
0.88006329829113195	0.068165870035895845
0.88080811492300359	0.067572018206900591
0.88155075824841023	0.066981128207764445
0.88229122643495339	0.066393200114812173
0.88302951765560089	0.065808233927617074
0.88376563008869347	0.065226229569031471
0.8844995619179461	0.064647186885223112
0.88523131133245514	0.064071105645708837
0.88596087652670175	0.063497985543392782
0.88668825570055654	0.062927826194605394
0.88741344705928327	0.062360627139144822
0.88813644881354448	0.061796387840318628
0.8888572591794055	0.0612351076849885
0.88957587637833779	0.0606767859836169
0.8902922986372257	0.060121421970313185
0.89100652418836779	0.059569014802885428
0.89171855126948385	0.059019563562889517
0.892428378123718	0.058473067255683055
0.89313600299964235	0.057929524810480547
0.89384142415126377	0.057388935080407967
0.89454463983802524	0.056851296842562953
0.89524564832481157	0.05631660879807359
0.89594444788195482	0.05578486957215905
0.89664103678523588	0.055256077714194801
0.89733541331589117	0.054730231697775841
0.89802757576061554	0.054207329920784107
0.8987175224115671	0.053687370705456559
0.89940525156637108	0.053170352298455403
0.90009076152812395	0.052656272870939914
0.90077405060539806	0.052145130518639567
0.90145511711224557	0.051636923261929341
0.90213395936820295	0.05113164904590644
0.90281057569829359	0.050629305740469741
0.90348496443303483	0.050129891140398133
0.90415712390843916	0.049633402965434517
0.90482705246601947	0.049139838860368504
0.90549474845279432	0.048649196395121025
0.90616021022128967	0.048161473064832962
0.9068234361295453	0.047676666289952048
0.907484424541117	0.047194773416324831
0.90814317382508114	0.046715791715288051
0.90879968235604014	0.046239718383761508
0.90945394851412376	0.045766550544345426
0.91010597068499566	0.045296285245415534
0.91075574725985575	0.044828919461223256
0.91140327663544529	0.044364450091995015
0.91204855721404943	0.04390287396403568
0.91269158740350276	0.043444187829830831
0.91333236561719222	0.042988388368153177
0.91397089027406109	0.042535472184169393
0.91460715979861362	0.042085435809548509
0.91524117262091753	0.041638275702573106
0.91587292717660951	0.041193988248250414
0.91650242190689801	0.040752569758426511
0.91712965525856704	0.040314016471902053
0.91775462568398114	0.039878324554548011
0.9183773316410877	0.039445490099425815
0.91899777159342133	0.039015509126906933
0.91961594401010871	0.038588377584794074
0.92023184736587016	0.038164091348446401
0.9208454801410263	0.037742646220902613
0.92145684082149837	0.037324037933010007
0.92206592789881514	0.036908262143551002
0.92267273987011489	0.036495314439374156
0.92327727523814895	0.036085190335525916
0.92387953251128674	0.03567788527538325
0.92447951020351815	0.035273394630789157
0.92507720683445815	0.034871713702188688
0.9256726209293491	0.034472837718767954
0.92626575101906661	0.034076761838592325
0.9268565956401208	0.033683481148749347
0.92744515333466127	0.033292990665490789
0.92803142265048066	0.032905285334377136
0.92861540214101723	0.032520360030424439
0.92919709036536025	0.032138209558250669
0.92977648588825157	0.03175882865222647
0.93035358728008988	0.031382211976625482
0.93092839311693576	0.031008354125775722
0.93150090198051227	0.030637249624215625
0.93207111245821095	0.030268892926847892
0.9326390231430941	0.029903278419097554
0.93320463263389852	0.029540400417070307
0.93376793953503923	0.029180253167712875
0.93432894245661202	0.028822830848975235
0.93488764001439828	0.028468127569973162
0.93544403082986727	0.028116137371153954
0.93599811353018003	0.027766854224462453
0.9365498867481924	0.027420272033509448
0.93709934912245885	0.027076384633740815
0.93764649929723576	0.0267351857926088
0.93819133592248405	0.026396669209744945
0.93873385765387407	0.026060828517133375
0.93927406315278694	0.025727657279287719
0.93981195108631965	0.025397148993426991
0.94034752012728706	0.025069297089655378
0.94088076895422534	0.024744094931142057
0.94141169625139687	0.024421535814302241
0.94194030070879065	0.024101612968981743
0.94246658102212788	0.023784319558640622
0.94299053589286452	0.023469648680539655
0.9435121640281936	0.023157593365928455
0.94403146414104977	0.022848146580234124
0.94454843495011143	0.022541301223252191
0.94506307517980481	0.022237050129338617
0.94557538356030602	0.021935386067603684
0.9460853588275453	0.021636301742106668
0.94659299972320921	0.021339789792052855
0.94709830499474423	0.021045842791991221
0.94760127339536016	0.020754453252013808
0.94810190368403191	0.020465613617957283
0.9486001946255046	0.020179316271604113
0.94909614499029471	0.019895553530887646
0.94958975355469355	0.019614317650096798
0.95008101910077181	0.019335600820082118
0.95056994041637988	0.019059395168465179
0.95105651629515353	0.018785692759846741
0.95154074553651491	0.018514485596018735
0.95202262694567652	0.018245765616176031
0.95250215933364413	0.017979524697130243
0.95297934151721886	0.017715754653525245
0.9534541723190012	0.017454447238053263
0.95392665056739345	0.017195594141673015
0.9543967750966027	0.016939186993829052
0.95486454474664295	0.01668521736267271
0.95532995836333934	0.016433676755283674
0.95579301479833012	0.016184556617893829
0.95625371290906935	0.015937848336112136
0.95671205155883055	0.015693543235150473
0.9571680296167081	0.01545163258005188
0.95762164595762223	0.015212107575918348
0.95807289946231922	0.014974959368142388
0.95852178901737584	0.014740179042637773
0.95896831351520206	0.014507757626072492
0.95941247185404288	0.014277686086103584
0.95985426293798171	0.014049955331612185
0.96029368567694318	0.013824556212940634
0.96073073898669492	0.013601479522131001
0.96116542178885189	0.013380715993163842
0.96159773301087714	0.013162256302200118
0.96202767158608582	0.012946091067822447
0.96245523645364717	0.012732210851279046
0.96288042655858763	0.012520606156728184
0.96330324085179242	0.012311267431484653
0.96372367829000971	0.01210418506626639
0.96414173783585178	0.011899349395443589
0.96455741845779797	0.011696750697288469
0.96497071913019827	0.011496379194225867
0.96538163883327388	0.011298225053086428
0.96579017655312138	0.01110227838535954
0.96619633128171478	0.010908529247448338
0.96660010201690727	0.010716967640926113
0.967001487762435	0.010527583512793039
0.96740048752791852	0.010340366755735284
0.96779710032886546	0.010155307208384439
0.96819132518667328	0.0099723946555785939
0.96858316112863108	0.0097916188286246396
0.96897260718792289	0.0096129694055613717
0.96935966240362925	0.009436436011424321
0.96974432582072978	0.0092620082185115304
0.97012659649010591	0.0090896755466503189
0.97050647346854246	0.008919427463465808
0.97088395581873099	0.0087512533846497136
0.97125904260927121	0.0085851426742313119
0.97163173291467397	0.0084210846448487149
0.97200202581536255	0.0082590685580221125
0.97236992039767656	0.0080990836244270795
0.97273541575387246	0.0079411190041703671
0.97309851098212652	0.0077851638070657635
0.97345920518653783	0.0076312070929112474
0.97381749747712876	0.0074792378717681131
0.97417338696984934	0.0073292451042397131
0.97452687278657724	0.0071812177017530655
0.97487795405512112	0.0070351445268401168
0.97522662990922337	0.0068910143934205479
0.97557289948856074	0.0067488160670863368
0.97591676193874732	0.0066085382653864348
0.97625821641133692	0.0064701696581129274
0.97659726206382458	0.0063336988675885119
0.9769338980596487	0.0061991144689547018
0.97726812356819348	0.0060664049904611828
0.97759993776479059	0.0059355589137562101
0.97792933983072172	0.0058065646741781406
0.97825632895322001	0.0056794106610479067
0.97858090432547207	0.0055540852179627375
0.97890306514662062	0.0054305766430904198
0.97922281062176586	0.0053088731894651263
0.97954013996196732	0.0051889630652840859
0.97985505238424686	0.0050708344342048021
0.98016754711158904	0.0049544754156442732
0.98047762337294442	0.0048398740850780653
0.98078528040323043	0.004727018474341255
0.98109051744333398	0.0046158965719298841
0.98139333374011328	0.0045064963233033854
0.9816937285463988	0.0043988056311884908
0.98199170112099654	0.0042928123558832257
0.98228725072868872	0.0041885043155626871
0.9825803766402359	0.0040858692865853898
0.98287107813237917	0.003984895003800391
0.98315935448784153	0.0038855691608557317
0.98344520499532972	0.0037878794105075469
0.98372862894953583	0.0036918133649302379
0.9840096256511397	0.0035973585960272728
0.98428819440680981	0.0035045026357433547
0.98456433452920533	0.0034132329763771475
0.98483804533697816	0.0033235370708948413
0.98510932615477387	0.0032354023332449721
0.98537817631323421	0.0031488161386736533
0.98564459514899805	0.0030637658240410901
0.98590858200470333	0.0029802386881387193
0.98617013622898886	0.0028982219920071499
0.98642925717649543	0.0028177029592552525
0.98668594420786804	0.0027386687763797123
0.98694019668975685	0.0026611065930857393
0.98719201399481915	0.0025850035226084042
0.98744139550172083	0.0025103466420348204
0.98768834059513777	0.0024371229926273006
0.98793284866575737	0.0023653195801470526
0.98817491911028044	0.0022949233751788458
0.98841455133142231	0.0022259213134564562
0.98865174473791406	0.0021583002961889633
0.98888649874450452	0.0020920471903875374
0.9891188127719619	0.0020271488291932387
0.98934868624707384	0.0019635920122057678
0.98957611860265093	0.0019013635058122806
0.98980110927752618	0.0018404500435178586
0.99002365771655754	0.0017808383262759139
0.99024376337062892	0.0017225150228198285
0.99046142569665119	0.0016654667699952325
0.99067664415756451	0.0016096801730926388
0.99088941822233867	0.0015551418061813403
0.99109974736597473	0.0015018382124436598
0.99130763106950659	0.0014497559045098915
0.99151306882000168	0.0013988813647941409
0.9917160601105629	0.0013492010458305893
0.99191660444032925	0.0013007013706106579
0.99211470131447776	0.00125336873292059
0.99231035024422398	0.0012071894976799821
0.99250355074682373	0.0011621500012806945
0.99269430234557376	0.0011182365519266278
0.9928826045698137	0.0010754354299738701
0.99306845695492629	0.001033732888271775
0.99325185904233937	0.00099311515250440551
0.99343281037952658	0.00095356842153269635
0.9936113105200084	0.00091507886773726198
0.99378735902335347	0.00087763263736169959
0.99396095545517971	0.00084121585085652464
0.99413209938715508	0.00080581460322371476
0.99430079039699892	0.0007714149643617865
0.99446702806848297	0.00073800297941140742
0.99463081199143233	0.00070556466910166188
0.99479214176172648	0.00067408603009676618
0.99495101698130017	0.00064355303534338799
0.99510743725814454	0.00061395163441846194
0.99526140220630832	0.00058526775387752095
0.99541291144589816	0.0005574872976036099
0.99556196460308	0.00053059614715665355
0.99570856131008012	0.00050458016212329745
0.99585270120518576	0.0004794251804673068
0.99599438393274575	0.00045511701888049282
0.9961336091431725	0.0004316414731338758
0.99627037649294126	0.00040898431842970783
0.99640468564459239	0.00038713130975356311
0.99653653626673144	0.00036606818222716055
0.99666592803402987	0.00034578065146153339
0.99679286062722661	0.00032625441391052965
0.99691733373312796	0.00030747514722499173
0.99703934704460895	0.0002894285106071361
0.99715890026061393	0.00027210014516540623
0.99727599308615711	0.00025547567426983627
0.99739062523232369	0.00023954070390763858
0.99750279641627004	0.00022428082303934687
0.99761250636122523	0.00020968160395518651
0.99771975479649055	0.00019572860263200167
0.99782454145744148	0.00018240735909032734
0.99792686608552705	0.00016970339775207276
0.99802672842827156	0.00015760222779828819
0.99812412823927465	0.00014608934352749206
0.9982190652782118	0.00013515022471424846
0.99831153931083538	0.0001247703369680124
0.99840155010897502	0.00011493513209238035
0.99848909745053793	0.00010563004844465813
0.9985741811195098	9.6840511295622243e-05
0.99865680090595499	8.8551933189718872e-05
0.99873695660601747	8.074971430540917e-05
0.9988146480219211	7.3419242815900873e-05
0.99888987496197001	6.6545895250093426e-05
0.99896263724054912	6.0115036853815304e-05
0.99903293467812471	5.4112021951275365e-05
0.99910076710124496	4.8522194306778743e-05
0.99916613434254009	4.333088748671451e-05
0.9992290362407229	3.8523425221714316e-05
0.9992894726405892	3.4085121769068844e-05
0.99934744339301829	3.0001282275342013e-05
0.9994029483549729	2.6257203139201586e-05
0.99945598738950014	2.2838172374434669e-05
0.9995065603657316	1.9729469973145267e-05
0.99955466715888319	1.6916368269176156e-05
0.99960030765025654	1.4384132301614347e-05
0.99964348172723805	1.2118020178578045e-05
0.99968418928329994	1.0103283441053426e-05
0.99972243021800056	8.32516742692678e-06
0.99975820443698404	6.7689116351685033e-06
0.99979151185198112	5.4197500901189406e-06
0.99982235238080897	4.2629117059094583e-06
0.99985072594737179	3.2836206509938893e-06
0.99987663248166059	2.4670967128004737e-06
0.9999000719197535	1.7985556624688178e-06
0.99992104420381611	1.2632096196715261e-06
0.99993954928210138	8.4626741753718366e-07
0.99995558710894983	5.3293496763231212e-07
0.99996915764478966	3.0841562501331395e-07
0.99998026085613712	1.5791055333196744e-07
0.99998889671559599	6.6619090001540758e-08
0.99999506520185821	1.9739111390519681e-08
0.99999876629970352	2.4673980559366022e-09
1	0
1.0009999999999999	0
1.002	0
1.0029999999999999	0
1.004	0
1.0049999999999999	0
1.006	0
1.0069999999999999	0
1.008	0
1.0089999999999999	0
1.01	0
1.0109999999999999	0
1.012	0
1.0129999999999999	0
1.014	0
1.0149999999999999	0
1.016	0
1.0169999999999999	0
1.018	0
1.0189999999999999	0
1.02	0
1.0209999999999999	0
1.022	0
1.0229999999999999	0
1.024	0
1.0249999999999999	0
1.026	0
1.0269999999999999	0
1.028	0
1.0289999999999999	0
1.03	0
1.0309999999999999	0
1.032	0
1.0329999999999999	0
1.034	0
1.0349999999999999	0
1.036	0
1.0369999999999999	0
1.038	0
1.0389999999999999	0
1.04	0
1.0409999999999999	0
1.042	0
1.0429999999999999	0
1.044	0
1.0449999999999999	0
1.046	0
1.0469999999999999	0
1.048	0
1.0489999999999999	0
1.05	0
1.0509999999999999	0
1.052	0
1.0529999999999999	0
1.054	0
1.0549999999999999	0
1.056	0
1.0569999999999999	0
1.0580000000000001	0
1.0589999999999999	0
1.0600000000000001	0
1.0609999999999999	0
1.0620000000000001	0
1.0629999999999999	0
1.0640000000000001	0
1.0649999999999999	0
1.0660000000000001	0
1.0669999999999999	0
1.0680000000000001	0
1.069	0
1.0700000000000001	0
1.071	0
1.0720000000000001	0
1.073	0
1.0740000000000001	0
1.075	0
1.0760000000000001	0
1.077	0
1.0780000000000001	0
1.079	0
1.0800000000000001	0
1.081	0
1.0820000000000001	0
1.083	0
1.0840000000000001	0
1.085	0
1.0860000000000001	0
1.087	0
1.0880000000000001	0
1.089	0
1.0900000000000001	0
1.091	0
1.0920000000000001	0
1.093	0
1.0940000000000001	0
1.095	0
1.0960000000000001	0
1.097	0
1.0980000000000001	0
1.099	0
1.1000000000000001	0
1.101	0
1.1020000000000001	0
1.103	0
1.1040000000000001	0
1.105	0
1.1060000000000001	0
1.107	0
1.1080000000000001	0
1.109	0
1.1100000000000001	0
1.111	0
1.1120000000000001	0
1.113	0
1.1140000000000001	0
1.115	0
1.1160000000000001	0
1.117	0
1.1180000000000001	0
1.119	0
1.1200000000000001	0
1.121	0
1.1220000000000001	0
1.123	0
1.1240000000000001	0
1.125	0
1.1259999999999999	0
1.127	0
1.1279999999999999	0
1.129	0
1.1299999999999999	0
1.131	0
1.1319999999999999	0
1.133	0
1.1339999999999999	0
1.135	0
1.1359999999999999	0
1.137	0
1.1379999999999999	0
1.139	0
1.1399999999999999	0
1.141	0
1.1419999999999999	0
1.143	0
1.1439999999999999	0
1.145	0
1.1459999999999999	0
1.147	0
1.1479999999999999	0
1.149	0
1.1499999999999999	0
1.151	0
1.1519999999999999	0
1.153	0
1.1539999999999999	0
1.155	0
1.1559999999999999	0
1.157	0
1.1579999999999999	0
1.159	0
1.1599999999999999	0
1.161	0
1.1619999999999999	0
1.163	0
1.1639999999999999	0
1.165	0
1.1659999999999999	0
1.167	0
1.1679999999999999	0
1.169	0
1.1699999999999999	0
1.171	0
1.1719999999999999	0
1.173	0
1.1739999999999999	0
1.175	0
1.1759999999999999	0
1.177	0
1.1779999999999999	0
1.179	0
1.1799999999999999	0
1.181	0
1.1819999999999999	0
1.1830000000000001	0
1.1839999999999999	0
1.1850000000000001	0
1.1859999999999999	0
1.1870000000000001	0
1.1879999999999999	0
1.1890000000000001	0
1.1899999999999999	0
1.1910000000000001	0
1.1919999999999999	0
1.1930000000000001	0
1.194	0
1.1950000000000001	0
1.196	0
1.1970000000000001	0
1.198	0
1.1990000000000001	0
1.2	0
1.2010000000000001	0
1.202	0
1.2030000000000001	0
1.204	0
1.2050000000000001	0
1.206	0
1.2070000000000001	0
1.208	0
1.2090000000000001	0
1.21	0
1.2110000000000001	0
1.212	0
1.2130000000000001	0
1.214	0
1.2150000000000001	0
1.216	0
1.2170000000000001	0
1.218	0
1.2190000000000001	0
1.22	0
1.2210000000000001	0
1.222	0
1.2230000000000001	0
1.224	0
1.2250000000000001	0
1.226	0
1.2270000000000001	0
1.228	0
1.2290000000000001	0
1.23	0
1.2310000000000001	0
1.232	0
1.2330000000000001	0
1.234	0
1.2350000000000001	0
1.236	0
1.2370000000000001	0
1.238	0
1.2390000000000001	0
1.24	0
1.2410000000000001	0
1.242	0
1.2430000000000001	0
1.244	0
1.2450000000000001	0
1.246	0
1.2470000000000001	0
1.248	0
1.2490000000000001	0
1.25	0
1.2509999999999999	0
1.252	0
1.2529999999999999	0
1.254	0
1.2549999999999999	0
1.256	0
1.2569999999999999	0
1.258	0
1.2589999999999999	0
1.26	0
1.2609999999999999	0
1.262	0
1.2629999999999999	0
1.264	0
1.2649999999999999	0
1.266	0
1.2669999999999999	0
1.268	0
1.2689999999999999	0
1.27	0
1.2709999999999999	0
1.272	0
1.2729999999999999	0
1.274	0
1.2749999999999999	0
1.276	0
1.2769999999999999	0
1.278	0
1.2789999999999999	0
1.28	0
1.2809999999999999	0
1.282	0
1.2829999999999999	0
1.284	0
1.2849999999999999	0
1.286	0
1.2869999999999999	0
1.288	0
1.2889999999999999	0
1.29	0
1.2909999999999999	0
1.292	0
1.2929999999999999	0
1.294	0
1.2949999999999999	0
1.296	0
1.2969999999999999	0
1.298	0
1.2989999999999999	0
1.3	0
