#               T           <Sz^2>              <Q>            <Q^2>              <E>            <E^2>                C                F                S 
      17.15663207     0.4984766308   -0.01143826681     0.9998730501     0.0583338203   0.004434233225   0.001031398634     -3.406886381      3.465220202 
      12.13157088     0.6226979819   -0.02258787993      1.499557984     0.1283151259    0.02027339874   0.003808627222     -4.721810044       4.85012517 
      8.578316037     0.7463138811   -0.03668670395      1.998281135     0.2684950487    0.08434147575    0.01225188458     -5.963696609      6.232191657 
      6.065785441     0.8431587429    -0.0189662966      2.389515882      1.160364963      1.773596315     0.4271494677     -6.238536197       7.39890116 
      4.289158019      0.839252538   -0.08305760647      2.387267191      1.408277615      3.740330039      1.757084197     -6.193719605       7.60199722 
       3.03289272     0.8859845014   -0.03640803858      2.578247839         1.765153      5.011673527      1.895908415      -6.38516812       8.15032112 
      2.144579009     0.8090741782    -0.1573958921      2.307514214      1.826364254      6.083843771      2.748237384     -5.640456014      7.466820267 
       1.51644636     0.8483349465    -0.2867973135      2.541251033      1.888665886      5.440043083      1.872984255     -5.914905093      7.803570979 
      1.072289505     0.8454222253   -0.09684398893       2.48125903      2.559808753      8.915060499      2.362439646     -5.395100481      7.954909235 
     0.7582231801     0.7684964737    -0.5703649545      2.520898573       2.57691722      9.514307586       2.87380523     -4.693871971      7.270789191 
     0.5361447523     0.7438507632    -0.8405394269      2.834026597      2.726563551       10.5178145      3.083665697     -4.427782549      7.154346101 
     0.3791115901     0.6663867809    -0.3659021418      2.001535378      2.862460526      12.40341104      4.209730779     -3.745706396      6.608166922 
     0.2680723762     0.5893186105    -0.1612571907      1.630255425      2.471473424      9.913874832      3.805693948     -3.309780815      5.781254239 
      0.189555795      0.557386888    -0.1370911338      1.532825855      2.338449873      9.183213711      3.714865902     -3.154745609      5.493195482 
     0.1340361881     0.5382692273    -0.1246142435      1.489923484      2.248120343      8.579799926      3.525754848     -3.085475099      5.333595442 
    0.09477789751     0.5234136023     -0.116448225       1.46454073      2.254533821      8.512724507      3.429801759     -2.978805593      5.233339414 
    0.06701809404     0.5098411875    -0.1124905477       1.44778233       2.16646081      8.079664127      3.386111684     -2.995031834      5.161492644 
    0.04738894876     0.4967583166    -0.1102309874      1.436346191      2.255813637      8.461903603      3.373208436     -2.848929304      5.104742941 
    0.03350904702     0.4834272961    -0.1086019072      1.428382637      2.121428738      7.869767262      3.369307372     -2.931990741      5.053419479 
    0.02369447438     0.4696481363    -0.1072979392      1.422894995      2.277663457      8.564537632      3.376786808     -2.726373904      5.004037361 
    0.01675452351     0.4552717946    -0.1061931891      1.418962252      2.083606156      7.731792586       3.39037797     -2.868700425      4.952306582 
    0.01184723719     0.4404208007    -0.1053220332       1.41630304      2.293053979      8.665833207      3.407736656     -2.603613209      4.896667188 
   0.008377261755     0.4255605632    -0.1045899288      1.414366671      2.038920938      7.580551427      3.423352835     -2.797372009      4.836292948 
   0.005923618595     0.4111688373    -0.1040544488      1.413032111      2.283400798      8.647007843      3.433088638     -2.489182691      4.772583489 
   0.004188630877     0.3980204707    -0.1036562431       1.41217355      2.005754564      7.454108195      3.431056825      -2.70280349      4.708558054 
   0.002961809297      0.386543532    -0.1033704518      1.411482575      2.249646108      8.480532592      3.419624982     -2.398350753      4.647996861 
   0.002094315439     0.3771704722    -0.1031969958      1.411162109      1.966695856      7.264757595      3.396865005     -2.627940792      4.594636648 
   0.001480904649     0.3697529855    -0.1030801194      1.410736935      2.211585261       8.26406749      3.372958125     -2.338663067      4.550248327 
   0.001047157719     0.3642230652    -0.1030088895      1.410683283      1.932978015      7.082789016       3.34638501     -2.582638229      4.515616244 
  0.0007404523243     0.3600890335     -0.102971692      1.410358218      2.184385723      8.098569049      3.327028064     -2.304895994      4.489281716 
  0.0005235788597     0.3571778182    -0.1029363361      1.410451961      1.912029766      6.964388172      3.308530348     -2.558221746      4.470251512 
  0.0003702261622     0.3550144204    -0.1029246744      1.410179681      2.168924965      8.001818745      3.297583242     -2.287268248      4.456193213 
  0.0002617894298     0.3535612839    -0.1029091106      1.410345232      1.900791446      6.899794671      3.286786548     -2.545721618      4.446513065 
  0.0001851130811      0.352442386    -0.1029032362      1.410092242       2.16090276       7.95125974         3.281759     -2.278342019      4.439244779 
  0.0001308947149     0.3517398545    -0.1028977729      1.410289462      1.895056869      6.866655504      3.275414965      -2.53942969      4.434486559 
  9.255654054e-05     0.3511516027    -0.1028953184      1.410045003      2.156851698      7.925696989       3.27368774     -2.273862916      4.430714615 
  6.544735746e-05     0.3508276655    -0.1028919073       1.41027887      1.892180927      6.850061692      3.269713033     -2.536278777      4.428459703 
  4.627827027e-05     0.3505065646    -0.1028882881      1.410024566       2.15482761      7.912975371      3.269693342     -2.271621679      4.426449289 
  3.272367873e-05     0.3503708607    -0.1028896809      1.410266468       1.89073643      6.841689872      3.266805624      -2.53470209       4.42543852 
  2.313913514e-05     0.3501830578    -0.1028871161      1.410010863      2.153809318      7.906531049       3.26763647     -2.270500111      4.424309429 
  1.636183937e-05     0.3501424344    -0.1028900801      1.410260082       1.89001292      6.837488428      3.265339591     -2.533913508      4.423926428 
  1.156956757e-05     0.3500213469    -0.1028854416      1.410005127      2.153298681      7.903283083      3.266587875     -2.269939142      4.423237822 
  8.180919683e-06     0.3500283009    -0.1028894801      1.410256441      1.889652088      6.835403165      3.264618152     -2.533519266      4.423171354 
  5.784783784e-06     0.3499396718    -0.1028833603      1.410005349      2.153043509      7.901652237      3.266055884     -2.269658775      4.422702284 
  4.090459841e-06      0.349971238    -0.1028892022       1.41025464      1.889471711       6.83436096      3.264257615     -2.533322154      4.422793865 
  2.892391892e-06     0.3498993079     -0.102883105      1.410003939      2.152916646      7.900853226       3.26580314     -2.269518606      4.422435252 
  2.045229921e-06      0.349942706     -0.102889072      1.410253741      1.889381522      6.833839727      3.264077192     -2.533223591      4.422605112 
  1.446195946e-06     0.3498785273    -0.1028823196      1.410005563      2.152848493      7.900377517      3.265620884     -2.269448118      4.422296611 
   1.02261496e-06      0.349928438     -0.102889012      1.410253297      1.889336433      6.833579031      3.263986874      -2.53317429      4.422510723 
   7.23097973e-07     0.3498684364    -0.1028822648      1.410005211      2.152816782      7.900177825       3.26555773     -2.269413073      4.422229854 
  5.113074802e-07     0.3499213045    -0.1028889925      1.410253073      1.889313906      6.833448805       3.26394177     -2.533149625      4.422463531 
  3.615489865e-07     0.3498633904    -0.1028822487      1.410005036      2.152800924      7.900077977      3.265526157     -2.269395547      4.422196471 
  2.556537401e-07     0.3499177373    -0.1028889876      1.410252961      1.889302642      6.833383691      3.263919219     -2.533137288       4.42243993 
  1.807744932e-07      0.349860867    -0.1028822413      1.410004947      2.152792993      7.900028038      3.265510368     -2.269386782      4.422179775 
    1.2782687e-07     0.3499159534    -0.1028889851      1.410252903      1.889297007       6.83335112      3.263907938     -2.533131118      4.422428125 
