#               T           <Sz^2>              <Q>            <Q^2>              <E>            <E^2>                C                F                S 
      17.15663207     0.4984768615   -0.01126858468     0.9998701262    0.05834207423   0.004431481725     0.0010276841     -3.406879986       3.46522206 
      12.13157088      0.622671203   -0.02208996013       1.49942864     0.1352531498    0.02253014096   0.004236726418     -4.714657752      4.849910902 
      8.578316037     0.7447696723 -0.0004469340163      1.990758636     0.4385433631     0.2291908886    0.03687060733     -5.781272637         6.219816 
      6.065785441     0.7833844671   -0.03668456482      2.151404963       1.37181047      3.089532592      1.207668628     -5.506232111       6.87804258 
      4.289158019     0.8309373084   -0.05317822942      2.349936064      1.448014421      3.892896617      1.796150854     -6.066312763      7.514327184 
       3.03289272     0.8249821203   -0.02063906992      2.333340969      2.096181266      7.067330961       2.67335506     -5.520270177      7.616451443 
      2.144579009      0.790188558    -0.1799787475      2.239858623      1.748235573      5.737859008      2.681531388     -5.491826123      7.240061696 
       1.51644636      0.837638791    -0.1873109822      2.450859366      1.997198734      5.934692233      1.945889451     -5.700231429      7.697430162 
      1.072289505     0.8094181763   -0.09056302053      2.336078378      2.489544699      8.806744918      2.608912109     -5.104813754      7.594358453 
     0.7582231801      0.755583563     -0.512119494      2.408441508      2.544127621      9.371213742      2.898628391     -4.588442635      7.132570256 
     0.5361447523      0.718510208    -0.4347176872      2.223591874      2.772596493      11.07556428      3.388272964     -4.156356815      6.928953308 
     0.3791115901     0.6367846482    -0.1878774381      1.787800214       2.68543186      11.25287353      4.041329251     -3.556919029      6.242350889 
     0.2680723762     0.5940729274    -0.1510473416      1.653791874      2.478969066      10.08039419      3.935106563     -3.382498324       5.86146739 
      0.189555795     0.5617465258    -0.1644333733      1.572372312      2.429926275      9.702965392      3.798423692     -3.150798388      5.580724663 
     0.1340361881     0.5419330645    -0.1179710187      1.526306506      2.254378395      8.641345439      3.559123492     -3.175961925       5.43034032 
    0.09477789751     0.5201320608    -0.1730425422      1.505046235      2.356386702      9.055071302      3.502513013     -2.939709767      5.296096468 
    0.06701809404      0.503688033   -0.09779825641      1.475267035      2.181536727       8.18869194      3.429589451     -3.045555754      5.227092481 
    0.04738894876     0.4867480783    -0.1738087383      1.490843274      2.345888211      8.940014635      3.436823136     -2.826186653      5.172074864 
    0.03350904702     0.4640981737    -0.1264095936      1.453373369       2.15337214      8.146303761      3.509292187     -2.913028873      5.066401013 
    0.02369447438     0.4531393992    -0.1176586216      1.473999113      2.254289499      8.504227278      3.422406133     -2.796011305      5.050300804 
    0.01675452351      0.434737901      -0.15191701      1.468315581      2.078595303      7.768753422      3.448194989       -2.8739441      4.952539403 
    0.01184723719     0.4250662523    -0.1568756761      1.477242095      2.226040661      8.315875475      3.360618452     -2.678631035      4.904671696 
   0.008377261755     0.4161820632    -0.1833134991      1.484806427      2.012637089      7.389151985      3.338443934     -2.844863703      4.857500792 
   0.005923618595      0.408345016    -0.2073363691      1.490688099      2.246825984      8.389609446      3.341382442     -2.567610914      4.814436899 
   0.004188630877     0.4000359657     -0.230271201      1.493760416       2.06029833      7.615223456      3.370394249      -2.70739867         4.767697 
   0.002961809297     0.3912176832    -0.2504924069      1.494875849      2.246313999      8.443662788      3.397736206     -2.467949024      4.714263022 
   0.002094315439      0.382593637    -0.2664876147      1.494925269      2.067851201      7.680111616      3.404103027     -2.590133972      4.657985173 
   0.001480904649     0.3748159391    -0.2785642306      1.494604439      2.211913235      8.286971336      3.394411177     -2.393138887      4.605052122 
   0.001047157719     0.3684029525    -0.2874276236      1.494598289      2.045923328       7.55947054      3.373668278     -2.513651095      4.559574423 
  0.0007404523243     0.3633184939    -0.2937163733      1.494446241      2.175492424      8.083955053      3.351187765     -2.347329245      4.522821669 
  0.0005235788597     0.3595643709    -0.2983106734      1.494705414      2.024670613      7.428718599      3.329427509     -2.470315017       4.49498563 
  0.0003702261622     0.3567525448    -0.3015074876      1.494663449      2.151449735      7.941827307      3.313091346     -2.322680159      4.474129893 
  0.0002617894298     0.3547901235    -0.3039150433      1.494974172      2.011667987      7.345679947      3.298871857     -2.447580708      4.459248695 
  0.0001851130811     0.3533292568    -0.3055302555      1.494934986      2.138178425      7.861845093      3.290038115     -2.310179949      4.448358375 
  0.0001308947149     0.3523513839    -0.3068143293      1.495217733       2.00483635      7.301235061       3.28186627     -2.436015536      4.440851886 
  9.255654054e-05     0.3516003058    -0.3076158739      1.495146925       2.13132637      7.820299522      3.277747426     -2.303965025      4.435291396 
  6.544735746e-05     0.3511263226    -0.3083143574       1.49539621      2.001416327      7.278688072      3.273020757     -2.430180682      4.431597009 
  4.627827027e-05     0.3507352935    -0.3086993463      1.495288747      2.127867412      7.799375301      3.271555579      -2.30088715      4.428754562 
  3.272367873e-05     0.3505151001    -0.3090985209        1.4955099      1.999740753      7.267632372      3.268669292     -2.427240629      4.426981382 
  2.313913514e-05     0.3503030287    -0.3092591804      1.495373745      2.126130905      7.788897305      3.268464682     -2.299360518      4.425491423 
  1.636183937e-05     0.3502081572    -0.3095024854      1.495583041      1.998910013      7.262044418      3.266403177     -2.425758762      4.424668775 
  1.156956757e-05     0.3500869664    -0.3095369756      1.495415903      2.125262661      7.783656226      3.266914849     -2.298597937      4.423860598 
  8.180919683e-06      0.350055233    -0.3096897272      1.495606788      1.998496762      7.259298134      3.265308828     -2.425018359      4.423515121 
  5.784783784e-06     0.3499787198    -0.3096620606      1.495427411      2.124830622       7.78106768      3.266162507     -2.298214469      4.423045092 
  4.090459841e-06     0.3499784466    -0.3097739216      1.495611562      1.998287376      7.257916458      3.264764019     -2.424647637      4.422935013 
  2.892391892e-06     0.3499243354     -0.309720153      1.495429498      2.124611294      7.779747811      3.265774662     -2.298021745      4.422633039 
  2.045229921e-06      0.349939969    -0.3098126949      1.495611559      1.998178916      7.257205013      3.264486034     -2.424464141      4.422643057 
  1.446195946e-06     0.3498971741     -0.309748656      1.495430331      2.124500247      7.779078283      3.265576983     -2.297926578      4.422426826 
   1.02261496e-06     0.3499208263    -0.3098291546      1.495610128      1.998120472      7.256830572      3.264345151     -2.424377353      4.422497825 
   7.23097973e-07     0.3498837631    -0.3097596289      1.495429394      2.124444253      7.778739188      3.265475803     -2.297880914      4.422325167 
  5.113074802e-07     0.3499115223    -0.3098344563      1.495608667      1.998088565      7.256629471      3.264271557     -2.424339053      4.422427619 
  3.615489865e-07     0.3498774127    -0.3097619617      1.495428392      2.124417425      7.778571735       3.26542234     -2.297860403      4.422277828 
  2.556537401e-07       0.34990725    -0.3098363122      1.495608962      1.998074312      7.256534863      3.264233907     -2.424322372      4.422396684 
  1.807744932e-07     0.3498745608    -0.3097638895      1.495429655      2.124406074      7.778498546      3.265397378     -2.297852063      4.422258137 
    1.2782687e-07     0.3499053291    -0.3098383654      1.495610667      1.998069585      7.256500565        3.2642185     -2.424314647      4.422384232 
