#               T           <Sz^2>              <Q>            <Q^2>              <E>            <E^2>                C                F                S 
      17.15663207     0.4984768607   -0.01126922687     0.9998701375    0.05834200091   0.004431485762   0.001027696692     -3.406880053      3.465222054 
      12.13157088     0.6226711814   -0.02209458995      1.499428758     0.1352568076    0.02253147422   0.004237070211     -4.714653922      4.849910729 
      8.578316037     0.7447696328  -0.000438354835      1.990758472     0.4385430914      0.229191272    0.03687122901     -5.781272592      6.219815684 
      6.065785441     0.7833866641   -0.03668825091      2.151414024      1.371818525      3.089530697      1.207644632      -5.50624431      6.878062835 
      4.289158019     0.8309371118   -0.05319028973      2.349936569       1.44802314      3.892925377      1.796154361     -6.066302575      7.514325716 
       3.03289272     0.8249889154   -0.02061481905      2.333367172       2.09618377      7.067260291      2.673273896     -5.520328696      7.616512466 
      2.144579009     0.7901873505    -0.1800303429      2.239872416      1.748279873      5.738033887      2.681551374     -5.491772617       7.24005249 
       1.51644636     0.8376360006    -0.1873375885      2.450857938      1.997216316      5.934749346      1.945876331     -5.700185469      7.697401785 
      1.072289505     0.8094301617   -0.09043145754      2.336102185      2.489530344       8.80649801      2.608736677     -5.104932226       7.59446257 
     0.7582231801     0.7555868503    -0.5121438553       2.40847924      2.544188668      9.371726548      2.898830569     -4.588459324      7.132647992 
     0.5361447523     0.7185193768    -0.4347873728      2.223687548      2.772584008      11.07549061      3.388268528     -4.156473968      6.929057976 
     0.3791115901     0.6367865477    -0.1878596175      1.787808187      2.685468067       11.2530619      4.041323158     -3.556923238      6.242391305 
     0.2680723762     0.5940708231    -0.1509247331      1.653762462       2.47898339      10.08040089      3.935042246     -3.382495817      5.861479206 
      0.189555795     0.5617496957    -0.1643701346      1.572390386      2.429956154      9.703040787      3.798353879     -3.150860918      5.580817072 
     0.1340361881     0.5419174863    -0.1178059501      1.526243054      2.254536616      8.642241113       3.55930576     -3.175759397      5.430296013 
    0.09477789751     0.5201491343    -0.1728998135      1.505107694      2.356208829      9.053909266      3.502189222     -2.940119702      5.296328531 
    0.06701809404     0.5036491083   -0.09789931599      1.475167465      2.181886332      8.190725494      3.430097526     -3.044949673      5.226836005 
    0.04738894876     0.4868340812    -0.1728035494      1.490827316      2.344778475      8.933669067      3.435682972     -2.827999178      5.172777653 
    0.03350904702     0.4641158591    -0.1278924215      1.453689057       2.15369694      8.147632779      3.509222268     -2.912610208      5.066307148 
    0.02369447438     0.4531289693    -0.1173946357      1.473548615       2.25345168      8.500477501      3.422433025     -2.796031161      5.049482841 
    0.01675452351     0.4350080256    -0.1523490458      1.468856447      2.078196171      7.763828627      3.444929302      -2.87550693      4.953703101 
    0.01184723719     0.4251701083    -0.1589667677      1.477332203      2.227879465      8.324199486      3.360752574     -2.676306149      4.904185614 
   0.008377261755     0.4162715335    -0.1854072991      1.484784702      2.012880726      7.391398556       3.33970974     -2.843935177      4.856815902 
   0.005923618595     0.4082993866    -0.2095838544      1.490381898      2.248030908      8.398277182      3.344634219     -2.564737297      4.812768205 
   0.004188630877     0.3998707994    -0.2322024208      1.493231479       2.06215258      7.625817158      3.373343896     -2.702953495      4.765106075 
   0.002961809297     0.3909637625    -0.2519271552      1.494199445      2.245763617      8.442923344      3.399469119     -2.465335504      4.711099121 
   0.002094315439     0.3823069163    -0.2674043671      1.494213328      2.067586961      7.679241892       3.40432605     -2.587129639      4.654716601 
   0.001480904649     0.3745429874    -0.2790156188      1.493907237      2.210738287      8.280934428      3.393570653     -2.391324812      4.602063099 
   0.001047157719     0.3681717231    -0.2875099849      1.493938704      2.045046167      7.554571474      3.372357647     -2.512044169      4.557090336 
  0.0007404523243     0.3631365089    -0.2935238604      1.493821468      2.174639527      8.078923143      3.349866071     -2.346241301      4.520880827 
  0.0005235788597     0.3594277665    -0.2979213873       1.49410868      2.023887487      7.424391521      3.328270962     -2.469644027      4.493531513 
  0.0003702261622     0.3566529449    -0.3009769497      1.494087632      2.151029858      7.939112421      3.312182971     -2.322040134      4.473069992 
  0.0002617894298     0.3547187253    -0.3032858345      1.494410675      2.011055282      7.342524788      3.298181439     -2.447433043      4.458488326 
  0.0001851130811     0.3532784561    -0.3048302043      1.494379878      2.138043819      7.860770894      3.289539524     -2.309773846      4.447817665 
  0.0001308947149     0.3523154763    -0.3060622612       1.49467063      2.004328303      7.298820962      3.281489017     -2.436139079      4.440467381 
  9.255654054e-05     0.3515748478    -0.3068292232      1.494600128      2.131346739      7.820133226      3.277494303     -2.303674089      4.435020829 
  6.544735746e-05     0.3511084129    -0.3075017338      1.494851394      2.000964224      7.276696517       3.27283869     -2.430442173      4.431406397 
  4.627827027e-05     0.3507225584    -0.3078681617      1.494744611      2.127967268      7.799674838      3.271430146     -2.300652247      4.428619515 
  3.272367873e-05     0.3505061887    -0.3082537949      1.494966433      1.999314625      7.265836578      3.268577609     -2.427571844      4.426886469 
  2.313913514e-05     0.3502966397    -0.3084050755      1.494830298      2.126270925      7.789431679      3.268403632     -2.299152994       4.42542392 
  1.636183937e-05      0.350203794    -0.3086408682      1.495037333      1.998497732      7.260366231      3.266373046     -2.426125401      4.424623133 
  1.156956757e-05     0.3500837432    -0.3086720042      1.494872035      2.125422613      7.784304997      3.266883713      -2.29840404      4.423826653 
  8.180919683e-06     0.3500530672    -0.3088209838      1.495064187      1.998089313      7.257646568      3.265285664     -2.425402491      4.423491804 
  5.784783784e-06      0.349977092     -0.308791559      1.494884956      2.125000685      7.781777204      3.266149292      -2.29802748      4.423028165 
  4.090459841e-06     0.3499774182    -0.3089017895      1.495069567      1.997883145      7.256288942      3.264751882       -2.4250406      4.422923745 
  2.892391892e-06     0.3499235155    -0.3088473198      1.494887525      2.124786465       7.78048698      3.265769457      -2.29783825      4.422624716 
  2.045229921e-06     0.3499395132    -0.3089390187      1.495069979      1.997776461      7.255590485      3.264479698      -2.42486144      4.422637901 
  1.446195946e-06     0.3498967567    -0.3088746865      1.494888613      2.124678035      7.779832702       3.26557595     -2.297744778      4.422422813 
   1.02261496e-06     0.3499206524    -0.3089548367      1.495068824      1.997719083      7.255223336      3.264341799     -2.424776609      4.422495692 
   7.23097973e-07     0.3498835394    -0.3088852352      1.494887868       2.12462337      7.779501425       3.26547696     -2.297699874      4.422323245 
  5.113074802e-07     0.3499114774    -0.3089599447      1.495067536      1.997687821      7.255026468      3.264269839     -2.424739069       4.42242689 
  3.615489865e-07       0.34987727    -0.3088874906      1.494886988      2.124597154      7.779337789       3.26542472      -2.29767964      4.422276795 
  2.556537401e-07     0.3499072527    -0.3089617349      1.495067871      1.997673812      7.254933703      3.264233043     -2.424722659      4.422396471 
  1.807744932e-07     0.3498744441    -0.3088893422      1.494888229      2.124586019      7.779266042      3.265400291     -2.297671352      4.422257371 
    1.2782687e-07     0.3499053459    -0.3089637014      1.495069522      1.997669099       7.25489974      3.264217911     -2.424715042      4.422384141 
