#               T           <Sz^2>              <Q>            <Q^2>              <E>            <E^2>                C                F                S 
      17.15663207     0.4984768622   -0.01126818455     0.9998701201     0.0583420038   0.004431461977    0.00102767257     -3.406880062      3.465222066 
      12.13157088     0.6226711796   -0.02209335977      1.499428697     0.1352580039    0.02253182496   0.004237097341     -4.714652712      4.849910716 
      8.578316037     0.7447696663 -0.0004355148768      1.990758604     0.4385403225     0.2291883056    0.03687069116     -5.781275632      6.219815954 
      6.065785441     0.7833870177   -0.03668505204      2.151415206      1.371817268      3.089523351      1.207640733     -5.506248822      6.878066091 
      4.289158019       0.83093712   -0.05318814636       2.34993638      1.448022026      3.892922016      1.796154228     -6.066303771      7.514325797 
       3.03289272     0.8249900935   -0.02060458657      2.333371478      2.096187109      7.067260255      2.673259858     -5.520335976      7.616523085 
      2.144579009      0.790187202    -0.1800285744      2.239871228      1.748284351      5.738050865      2.681552693     -5.491766876      7.240051227 
       1.51644636     0.8376362247    -0.1873380797      2.450859136      1.997215981      5.934743384       1.94587171      -5.70018774      7.697403721 
      1.072289505     0.8094326434   -0.09037484105      2.336102187      2.489528491      8.806451634      2.608699524     -5.104955659      7.594484151 
     0.7582231801     0.7555896593    -0.5121220376      2.408468418      2.544203087       9.37184323       2.89887388     -4.588486558      7.132689645 
     0.5361447523     0.7185263131    -0.4347980956       2.22372487      2.772597204      11.07554559      3.388250335     -4.156537911      6.929135115 
     0.3791115901     0.6367877607    -0.1878256733      1.787803652      2.685494036       11.2532156      4.041337379     -3.556923572      6.242417608 
     0.2680723762     0.5940688832     -0.150859738      1.653742593      2.478991115      10.08042551      3.935028567      -3.38248539      5.861476505 
      0.189555795     0.5617514612    -0.1643221666      1.572393222       2.42996307       9.70303185      3.798311331     -3.150895971      5.580859041 
     0.1340361881     0.5419102007    -0.1177491383      1.526216895      2.254607406      8.642636052      3.559381494     -3.175663044       5.43027045 
    0.09477789751     0.5201588813    -0.1727944936       1.50512951      2.356126952      9.053390246      3.502056032     -2.940330079      5.296457031 
    0.06701809404     0.5036342922   -0.09801611471      1.475145512      2.182036284       8.19157431      3.430291966     -3.044703944      5.226740228 
    0.04738894876     0.4868776388    -0.1722332823      1.490796439      2.344276616      8.930732642       3.43509979     -2.828851799      5.173128415 
    0.03350904702     0.4641395927    -0.1287586837      1.453943158      2.153813925      8.147909977      3.508995556     -2.912584203      5.066398127 
    0.02369447438     0.4530950672    -0.1176936828      1.473322576      2.253606874      8.501754415      3.423010473     -2.795284253      5.048891127 
    0.01675452351     0.4351317511    -0.1526066922      1.469142897      2.077908563      7.761037791      3.443333794     -2.876344784      4.954253347 
    0.01184723719     0.4251863894    -0.1602623871       1.47742266      2.229372516      8.331337636      3.361235823     -2.674438824      4.903811339 
   0.008377261755     0.4162472345    -0.1865403567      1.484723406      2.013040456      7.393341807      3.341009929     -2.843110822      4.856151278 
   0.005923618595     0.4081893443    -0.2106113962      1.490128942      2.248880338      8.404413396       3.34695062     -2.562666502      4.811546841 
   0.004188630877     0.3996876608    -0.2328911502      1.492805992      2.062778274      7.630269352      3.375215143     -2.700559044      4.763337318 
   0.002961809297      0.390737304    -0.2522094387      1.493650548       2.24548844      8.442579813      3.400361478     -2.463551791      4.709040231 
   0.002094315439     0.3820757271    -0.2673083235       1.49359979      2.066989467       7.67677007      3.404324612     -2.585681149      4.652670616 
   0.001480904649     0.3743346289    -0.2786073372      1.493256044      2.210151868       8.27775524      3.392983962     -2.390083618      4.600235486 
   0.001047157719     0.3680007414    -0.2868684474       1.49326718      2.044161848      7.550125298      3.371527639     -2.511431765      4.555593613 
  0.0007404523243     0.3630043147     -0.292717416       1.49313525      2.174269724      8.076510145      3.349061312     -2.345451875      4.519721599 
  0.0005235788597     0.3593296304    -0.2970014289      1.493412558      2.023093147      7.420480943      3.327575062     -2.469574833       4.49266798 
  0.0003702261622     0.3565817248    -0.2999788299      1.493383781      2.150920141      7.938099395      3.311641941     -2.321521986      4.472442127 
  0.0002617894298     0.3546678651    -0.3022327834      1.493701457      2.010376239      7.339388653      3.297776032     -2.447663848      4.458040087 
  0.0001851130811     0.3532422577    -0.3037404069       1.49366585      2.138102385      7.860728746      3.289246939     -2.309396182      4.447498567 
  0.0001308947149     0.3522899666      -0.30494585      1.493953381      2.003718021      7.296160948      3.281275041     -2.436524263      4.440242284 
  9.255654054e-05     0.3515567028    -0.3056942185      1.493879808      2.131495916      7.820622017      3.277347179     -2.303365396      4.434861311 
  6.544735746e-05      0.351095718    -0.3063532138      1.494129243      2.000389128      7.274287393       3.27273073     -2.430905355      4.431294483 
  4.627827027e-05     0.3507134635    -0.3067102766      1.494020425      2.128162766       7.80043517       3.27135841     -2.300377104      4.428539871 
  3.272367873e-05      0.350499889    -0.3070888533      1.494241266      1.998756531       7.26355024      3.268522569     -2.428074352      4.426830883 
  2.313913514e-05     0.3502920589    -0.3072355097      1.494103858      2.126489799      7.790328809      3.268369945     -2.298894255      4.425384054 
  1.636183937e-05     0.3502007012    -0.3074675876      1.494310494      1.997947971      7.258141897      3.266345803     -2.426647766      4.424595737 
  1.156956757e-05     0.3500814154     -0.307496684      1.494144491       2.12565314      7.785270145      3.266868875     -2.298153458      4.423806598 
  8.180919683e-06     0.3500516187    -0.3076433665      1.494334184      1.997545005      7.255472939      3.265286892     -2.425934889      4.423479894 
  5.784783784e-06     0.3499758956    -0.3076136632       1.49415709      2.125237035      7.782776333       3.26614388     -2.297781028      4.423018063 
  4.090459841e-06      0.349976773    -0.3077224539      1.494339441      1.997340919      7.254130162      3.264759416      -2.42557796      4.422918879 
  2.892391892e-06     0.3499228906    -0.3076682443      1.494159599      2.125025777      7.781503315      3.265768761     -2.297593885      4.422619663 
  2.045229921e-06     0.3499392278    -0.3077593745      1.494342376      1.997234059      7.253419436      3.264475549     -2.425401124      4.422635183 
  1.446195946e-06     0.3498964167    -0.3076950409      1.494160672      2.124918852      7.780857745      3.265577618     -2.297501426      4.422420278 
   1.02261496e-06     0.3499205672    -0.3077748714      1.494341259      1.997177339      7.253056717      3.264339393     -2.425317409      4.422494748 
   7.23097973e-07     0.3498833378    -0.3077053786      1.494159954      2.124864955      7.780530982      3.265479906     -2.297456985       4.42232194 
  5.113074802e-07     0.3499114859    -0.3077798834      1.494340013      1.997146458      7.252862352      3.264268379     -2.425280318      4.422426776 
  3.615489865e-07     0.3498771293     -0.307707595      1.494159101      2.124839096      7.780369556      3.265428373     -2.297436926      4.422276022 
  2.556537401e-07      0.349907299    -0.3077816387      1.494340341      1.997132597      7.252770687      3.264232077     -2.425264077      4.422396673 
  1.807744932e-07     0.3498743262    -0.3077094047      1.494160311      2.124828091       7.78029867      3.265404256     -2.297428679       4.42225677 
    1.2782687e-07     0.3499054061    -0.3077835565      1.494341948        1.9971279      7.252736959      3.264217111     -2.425256531       4.42238443 
