#               T           <Sz^2>              <Q>            <Q^2>              <E>            <E^2>                C                F                S 
      17.15663207     0.4984768642   -0.01126679148     0.9998700966    0.05834203069   0.004431433608   0.001027641063     -3.406880051      3.465222082 
      12.13157088     0.6226711843   -0.02209036683      1.499428584     0.1352583024    0.02253182934   0.004237020973     -4.714652452      4.849910754 
      8.578316037     0.7447697233 -0.0004351828854      1.990758832     0.4385368205      0.229184327    0.03686978405     -5.781279592      6.219816412 
      6.065785441     0.7833867329   -0.03668005692      2.151413702      1.371813288        3.0895155      1.207643803     -5.506250173      6.878063461 
      4.289158019     0.8309371946   -0.05318175418      2.349936002      1.448017748      3.892908321      1.796152923     -6.066308632      7.514326379 
       3.03289272     0.8249893187   -0.02060074444      2.333368231      2.096190553      7.067284065      2.673269228     -5.520325636       7.61651619 
      2.144579009     0.7901874326    -0.1800091754      2.239865198      1.748275372      5.738014563      2.681547786     -5.491777511      7.240052883 
       1.51644636     0.8376372068      -0.18732943      2.450859896      1.997209357      5.934703002      1.945857786     -5.700202795      7.697412152 
      1.072289505     0.8094317614   -0.09035340998      2.336094973      2.489531244      8.806472595      2.608706778     -5.104944782      7.594476026 
     0.7582231801      0.755591746     -0.512084342      2.408438595      2.544199991      9.371813624       2.89886003     -4.588511789       7.13271178 
     0.5361447523     0.7185301251    -0.4347774971      2.223722997      2.772615139      11.07563455      3.388239845     -4.156563173      6.929178312 
     0.3791115901     0.6367880855    -0.1877917275      1.787793765      2.685511244      11.25332577      4.041355124     -3.556918489      6.242429734 
     0.2680723762     0.5940676164    -0.1508259431      1.653730715       2.47899252      10.08043802      3.935034106     -3.382479913      5.861472433 
      0.189555795     0.5617520996    -0.1642884246      1.572389764      2.429966138      9.703024239      3.798288809     -3.150908557      5.580874695 
     0.1340361881     0.5419073171    -0.1177363834       1.52620981      2.254629987      8.642757458       3.55940108      -3.17563089      5.430260877 
    0.09477789751     0.5201635387    -0.1727268012      1.505134325      2.356101562       9.05320035      3.501985779     -2.940416777      5.296518339 
    0.06701809404     0.5036301485   -0.09810401779      1.475155477      2.182084991      8.191834437      3.430339531     -3.044639318      5.226724309 
    0.04738894876     0.4868958393    -0.1719391658      1.490770908      2.344105858      8.929675328      3.434843055     -2.829180875      5.173286733 
    0.03350904702     0.4641578745    -0.1292171878      1.454120264      2.153835405        8.1477882      3.508781247     -2.912696878      5.066532284 
    0.02369447438     0.4530589412    -0.1181157241      1.473227536      2.254021212      8.503910292      3.423298667     -2.794446366      5.048467578 
    0.01675452351     0.4351749724    -0.1527474023      1.469282004      2.077722272      7.759599661      3.442669822     -2.876744172      4.954466443 
    0.01184723719     0.4251668608    -0.1609944453      1.477497336      2.230411804      8.336458336      3.361721518     -2.673146005       4.90355781 
   0.008377261755      0.416188203    -0.1870844625      1.484665924      2.013139891       7.39476826      3.342036038     -2.842510428      4.855650319 
   0.005923618595     0.4080809506    -0.2109891976      1.489955719      2.249419146      8.408291625      3.348405133       -2.5613401      4.810759246 
   0.004188630877     0.3995392119    -0.2329999043       1.49251621      2.062844606       7.63162484      3.376296973      -2.69941071      4.762255316 
   0.002961809297     0.3905715339    -0.2520372617      1.493274019      2.245373183      8.442490336      3.400789605     -2.462459027       4.70783221 
   0.002094315439      0.381916127    -0.2668932166      1.493164009      2.066416997      7.674326689      3.404247485     -2.585093069      4.651510066 
   0.001480904649     0.3741959725    -0.2780049487      1.492774039      2.209899284      8.276272858      3.392618012     -2.389323424      4.599222708 
   0.001047157719     0.3678895432    -0.2861335076      1.492750487      2.043480257      7.546862691      3.371051132     -2.511296694      4.554776951 
  0.0007404523243     0.3629194928    -0.2918935833      1.492590983      2.174147885      8.075536058      3.348617034     -2.344947333      4.519095217 
  0.0005235788597     0.3592672014     -0.296119011      1.492848187      2.022480303      7.417622494      3.327195918     -2.469724158      4.492204461 
  0.0003702261622      0.356536578    -0.2990562193      1.492798243      2.150939107      7.937885867      3.311346824     -2.321166476      4.472105583 
  0.0002617894298     0.3546357484    -0.3012857497      1.493111594       2.00983299      7.336983796      3.297555148      -2.44796776      4.457800751 
  0.0001851130811     0.3532193835    -0.3027759424      1.493068041      2.138211401      7.861039856      3.289091861     -2.309117166      4.447328567 
  0.0001308947149     0.3522728033     -0.303967763       1.49334903      2.003209312      7.293933426       3.28108588     -2.436906537      4.440115848 
  9.255654054e-05     0.3515452342    -0.3047092297      1.493272326      2.131652655      7.821213006      3.277269964     -2.303123772      4.434776427 
  6.544735746e-05     0.3510877273    -0.3053621211      1.493519089      1.999907433      7.272302581       3.27267284     -2.431327761      4.431235194 
  4.627827027e-05     0.3507077079     -0.305715145      1.493407815      2.128343819      7.801168882      3.271321469     -2.300153665      4.428497484 
  3.272367873e-05     0.3504959296    -0.3060905222      1.493627346       1.99828487      7.261634879      3.268492458     -2.428516624      4.426801494 
  2.313913514e-05     0.3502891516    -0.3062352608      1.493488542      2.126683095      7.791134287        3.2683533      -2.29867971      4.425362805 
  1.636183937e-05     0.3501985412    -0.3064638327      1.493687167      1.997478431      7.256220369      3.266300288     -2.427099765      4.424578196 
  1.156956757e-05     0.3500799296    -0.3064939226       1.49352782      2.125852534      7.786111232      3.266862237     -2.297943334      4.423795868 
  8.180919683e-06     0.3500504684    -0.3066379322      1.493710011      1.997077946      7.253568898      3.265248575     -2.426391879      4.423469825 
  5.784783784e-06     0.3499751227    -0.3066097792      1.493539864       2.12543947      7.783635165      3.266142224     -2.297573138      4.423012608 
  4.090459841e-06     0.3499761322    -0.3067162731      1.493714929      1.996875142      7.252235093      3.264724762     -2.426037453      4.422912595 
  2.892391892e-06     0.3499224767    -0.3066638488      1.493542145      2.125229758       7.78237113      3.265769606     -2.297387121      4.422616879 
  2.045229921e-06     0.3499388863    -0.3067523883      1.493715208       1.99677026      7.251549223      3.264457752     -2.425861969      4.422632229 
  1.446195946e-06     0.3498961821    -0.3066904004      1.493543105      2.125123629      7.781730273      3.265579835     -2.297295213      4.422418841 
   1.02261496e-06     0.3499203518    -0.3067677492      1.493714047      1.996713906      7.251188927      3.264322506     -2.425778828      4.422492733 
   7.23097973e-07      0.349883191     -0.306700649      1.493542353      2.125070131      7.781405855      3.265482795     -2.297251025      4.422321156 
  5.113074802e-07     0.3499113307    -0.3067727213      1.493712788      1.996683227      7.250995891      3.264251981     -2.425741976      4.422425204 
  3.615489865e-07     0.3498770223    -0.3067028485      1.493541489      2.125044458       7.78124558      3.265431629     -2.297231068      4.422275526 
  2.556537401e-07     0.3499071696    -0.3067744605      1.493713098      1.996669447      7.250904815      3.264215933      -2.42572583      4.422395277 
  1.807744932e-07     0.3498742356    -0.3067046378      1.493542671      2.125033525      7.781175159      3.265407676     -2.297222849      4.422256374 
    1.2782687e-07     0.3499052873     -0.306776354      1.493714674      1.996664763      7.250871233      3.264201056     -2.425718325      4.422383089 
