#               T           <Sz^2>              <Q>            <Q^2>              <E>            <E^2>                C                F                S 
      17.15663207     0.4984768657   -0.01126570799     0.9998700782    0.05834205847   0.004431412567    0.00102761678     -3.406880035      3.465222094 
      12.13157088     0.6226711893   -0.02208765077      1.499428484     0.1352583632    0.02253176561   0.004236940794     -4.714652431      4.849910794 
      8.578316037     0.7447697782 -0.0004360226609      1.990759053     0.4385336195     0.2291806456    0.03686891012     -5.781283234      6.219816853 
      6.065785441     0.7833863432    -0.0366759315      2.151411841      1.371809943      3.089510557      1.207648038     -5.506249922      6.878059865 
      4.289158019     0.8309372695   -0.05317595472      2.349935686      1.448013514      3.892894744      1.796151606     -6.066313443      7.514326957 
       3.03289272     0.8249882178   -0.02060046897      2.333363821      2.096193534      7.067309926      2.673282594     -5.520312843      7.616506377 
      2.144579009     0.7901877198     -0.179989167      2.239859162      1.748264624      5.737971486      2.681542289     -5.491790383      7.240055008 
       1.51644636      0.837638494    -0.1873183557      2.450861353      1.997208962      5.934731073      1.945887434     -5.700218712      7.697427674 
      1.072289505      0.809430201   -0.09034674782      2.336088442      2.489537774      8.806545321      2.608746995     -5.104927289      7.594465063 
     0.7582231801     0.7555931755    -0.5120490205      2.408408589       2.54419489      9.371762943      2.898835306     -4.588529018      7.132723908 
     0.5361447523     0.7185314599    -0.4347475551      2.223703085      2.772630415      11.07572059      3.388241174     -4.156564446      6.929194861 
     0.3791115901     0.6367879044    -0.1877689893      1.787784991      2.685519288      11.25338356      4.041369711     -3.556912671      6.242431959 
     0.2680723762     0.5940669159    -0.1508125582      1.653724712      2.478991894      10.08044743      3.935046619     -3.382476299      5.861468193 
      0.189555795     0.5617524209    -0.1642738053      1.572387363      2.429964286      9.703003632      3.798277201     -3.150913939      5.580878225 
     0.1340361881     0.5419065841     -0.117743262      1.526210264      2.254634365      8.642776279       3.55940016     -3.175622701      5.430257065 
    0.09477789751     0.5201661075    -0.1726944314      1.505135948       2.35609276      9.053122487      3.501949395     -2.940453489      5.296546249 
    0.06701809404      0.503630291   -0.09816679833       1.47517101      2.182096246      8.191882294      3.430338267      -3.04463568      5.226731926 
    0.04738894876     0.4869037687    -0.1718004714      1.490755848      2.344055806      8.929331236      3.434733613     -2.829300068      5.173355874 
    0.03350904702     0.4641713956    -0.1294567294      1.454232513      2.153827388      8.147592872      3.508620456     -2.912818231      5.066645619 
    0.02369447438     0.4530328962    -0.1184833867      1.473199968      2.254413246      8.506014678      3.423635596     -2.793809464       5.04822271 
    0.01675452351     0.4351868346    -0.1528373949      1.469344167      2.077612788      7.758903799      3.442428902     -2.876915063      4.954527851 
    0.01184723719     0.4251464892    -0.1613993679      1.477551968      2.231042155      8.339609479      3.362060381     -2.672370905       4.90341306 
   0.008377261755     0.4161393558    -0.1873432457      1.484628075      2.013202531      7.395692302      3.342707869     -2.842135125      4.855337657 
   0.005923618595     0.4080065765     -0.211108866      1.489856284      2.249721159      8.410474718      3.349229423     -2.560595663      4.810316823 
   0.004188630877      0.399444777    -0.2329430267      1.492349169      2.062747992      7.631794652      3.376865374     -2.698920924      4.761668916 
   0.002961809297      0.390471748    -0.2518109347      1.493056945      2.245328686      8.442465057      3.400964149     -2.461873415      4.707202101 
   0.002094315439     0.3818236664    -0.2665280176      1.492907887      2.066022012      7.672611466      3.404164514     -2.584904813      4.650926825 
   0.001480904649     0.3741177797    -0.2775387368       1.49248392      2.209808085      8.275665459      3.392413685     -2.388920153      4.598728239 
   0.001047157719     0.3678279641    -0.2855993934      1.492432515      2.043058643      7.544896698      3.370808081     -2.511327754      4.554386397 
  0.0007404523243     0.3628730426    -0.2913164017      1.492250297       2.17412795      8.075233472       3.34840113     -2.344671794      4.518799744 
  0.0005235788597     0.3592332628    -0.2955148471      1.492490637      2.022101726      7.415910627      3.327015236     -2.469886107      4.491987833 
  0.0003702261622     0.3565121185    -0.2984352127      1.492428171      2.150986949      7.937955873      3.311211018     -2.320962481       4.47194943 
  0.0002617894298     0.3546183818    -0.3006534333      1.492732039      2.009491389      7.335512502      3.297456858     -2.448199245      4.457690635 
  0.0001851130811     0.3532070259    -0.3021370519      1.492682708      2.138300742      7.861350633      3.289020568     -2.308949255      4.447249998 
  0.0001308947149     0.3522641361    -0.3033240413      1.492959345      2.002887846      7.292592564      3.281032842     -2.437172957      4.440060803 
  9.255654054e-05     0.3515390406    -0.3040624132      1.492879236       2.13176387      7.821652148      3.277234951     -2.302973409      4.434737279 
  6.544735746e-05     0.3510834252    -0.3047129659      1.493123872      1.999596379      7.271031568      3.272645891     -2.431611601      4.431207979 
  4.627827027e-05      0.350704596     -0.305064555      1.493010747      2.128466116      7.801673052      3.271305046     -2.300011817      4.428477933 
  3.272367873e-05     0.3504937998    -0.3054387008      1.493229255      1.997978879      7.260397661      3.268478061     -2.428809148      4.426788027 
  2.313913514e-05     0.3502875762    -0.3055828058      1.493089436      2.126810963      7.791671135      3.268346265     -2.298542027      4.425352989 
  1.636183937e-05       0.35019751    -0.3058107069      1.493287657      1.997175063      7.255001765      3.266293534     -2.427396648      4.424571711 
  1.156956757e-05     0.3500791209    -0.3058405606      1.493127701      2.125983171      7.786664255      3.266859811     -2.297807718      4.423790889 
  8.180919683e-06     0.3500499799    -0.3059841972      1.493309818      1.996775828      7.252358751      3.265245044     -2.426690932       4.42346676 
  5.784783784e-06     0.3499746981     -0.305956011      1.493139288      2.125571489      7.784196255      3.266142099     -2.297438563      4.423010053 
  4.090459841e-06     0.3499759163    -0.3060622677      1.493314432      1.996573658        7.2510292       3.26472283     -2.426337593      4.422911251 
  2.892391892e-06     0.3499222451    -0.3060098971      1.493141361      2.125362477      7.782936291      3.265770632     -2.297253071      4.422615548 
  2.045229921e-06      0.349938807    -0.3060982631      1.493314573      1.996469107      7.250345536      3.264456642     -2.426162647      4.422631753 
  1.446195946e-06     0.3498960468    -0.3060363628       1.49314222      2.125256704      7.782297509      3.265581453      -2.29716142      4.422418124 
   1.02261496e-06     0.3499203404    -0.3061135763      1.493313352      1.996412928      7.249986396      3.264321815      -2.42607976      4.422492688 
   7.23097973e-07     0.3498831031    -0.3060465808      1.493141426      2.125203385      7.781974147      3.265484718     -2.297117353      4.422320739 
  5.113074802e-07     0.3499113521    -0.3061185345      1.493312069      1.996382344      7.249793975      3.264251513      -2.42604302      4.422425363 
  3.615489865e-07     0.3498769567    -0.3060487742      1.493140545      2.125177798      7.781814391      3.265433718     -2.297097446      4.422275244 
  2.556537401e-07     0.3499072058    -0.3061202671      1.493312361      1.996368602      7.249703175      3.264215581     -2.426026919      4.422395521 
  1.807744932e-07     0.3498741796    -0.3060505546      1.493141708      2.125166899      7.781744188       3.26540984     -2.297089243      4.422256142 
    1.2782687e-07     0.3499053299    -0.3061221499      1.493313919      1.996363926      7.249669671      3.264200747     -2.426019436      4.422383362 
