#               T           <Sz^2>              <Q>            <Q^2>              <E>            <E^2>                C                F                S 
      17.15663207     0.4984768666   -0.01126501349     0.9998700665    0.05834207851   0.004431399411   0.001027601286     -3.406880023      3.465222102 
      12.13157088     0.6226711929   -0.02208578553      1.499428416     0.1352583777    0.02253171322   0.004236884483     -4.714652445      4.849910822 
      8.578316037     0.7447698177 -0.0004369196456      1.990759212     0.4385313449      0.229178022    0.03686828156     -5.781285826      6.219817171 
      6.065785441     0.7833860506   -0.03667320414       2.15141047      1.371807776      3.089507796      1.207651222     -5.506249391      6.878057167 
      4.289158019     0.8309373225   -0.05317197945      2.349935476       1.44801053      3.892885171      1.796150676     -6.066316834      7.514327364 
       3.03289272     0.8249873901   -0.02060114538      2.333360539      2.096195625      7.067328777      2.673292679     -5.520303377      7.616499002 
      2.144579009     0.7901879386    -0.1799746933      2.239854837      1.748256621      5.737939491      2.681538279      -5.49180003      7.240056651 
       1.51644636     0.8376391435    -0.1873117965      2.450861505      1.997204541      5.934704605      1.945878627     -5.700228686      7.697433227 
      1.072289505     0.8094289659   -0.09034677877      2.336083535      2.489541373      8.806579221      2.608762974     -5.104912912      7.594454285 
     0.7582231801     0.7555939813    -0.5120239108      2.408386302      2.544190981      9.371723504      2.898815757     -4.588538568      7.132729549 
     0.5361447523     0.7185314746     -0.434721645      2.223681013      2.772640444       11.0757826       3.38824757     -4.156556499      6.929196943 
     0.3791115901       0.63678754    -0.1877558042       1.78777852       2.68552229      11.25340922      4.041379253     -3.556907691       6.24242998 
     0.2680723762      0.594066541    -0.1508082184      1.653721776      2.478990781      10.08045309      3.935057794     -3.382474343      5.861465124 
      0.189555795     0.5617525513    -0.1642684285       1.57238593       2.42996181      9.702985859      3.798271462      -3.15091583       5.58087764 
     0.1340361881     0.5419065917    -0.1177531666      1.526212537      2.254632875      8.642763587      3.559394186     -3.175623043      5.430255918 
    0.09477789751     0.5201674063    -0.1726804072       1.50513648      2.356090844      9.053096041      3.501931974     -2.940467196      5.296558041 
    0.06701809404     0.5036314511   -0.09820620327      1.475183806      2.182094872      8.191863257      3.430325226     -3.044648682      5.226743555 
    0.04738894876     0.4869068571    -0.1717392538      1.490747555      2.344050389      8.929264313      3.434692085     -2.829332955      5.173383344 
    0.03350904702      0.464180219    -0.1295753985      1.454298732       2.15381323      8.147426002      3.508514571     -2.912911809      5.066725039 
    0.02369447438     0.4530160125    -0.1187528488      1.473197618      2.254697797      8.507523079      3.423860923     -2.793383562      5.048081359 
    0.01675452351     0.4351866254    -0.1528930152      1.469367834      2.077551432      7.758589381      3.442369427     -2.876975302      4.954526734 
    0.01184723719     0.4251313524    -0.1616129668      1.477587923       2.23139665       8.34139931      3.362268299     -2.671939257      4.903335907 
   0.008377261755     0.4161059326    -0.1874579421      1.484605116      2.013240119      7.396246453      3.343110676     -2.841916807      4.855156926 
   0.005923618595     0.4079611316    -0.2111260143      1.489803467      2.249877397      8.411613652      3.349665349      -2.56020906      4.810086457 
   0.004188630877     0.3993902704    -0.2328552149      1.492260899      2.062631232      7.631636661      3.377189061     -2.698748768          4.76138 
   0.002961809297     0.3904167146    -0.2516272346      1.492941742      2.245314723      8.442455676      3.401017471     -2.461585671      4.706900394 
   0.002094315439     0.3817745345    -0.2662705337      1.492769795      2.065778159      7.671536946      3.404097542     -2.584883256      4.650661416 
   0.001480904649     0.3740773873    -0.2772308877      1.492324218      2.209787562      8.275467951      3.392306883     -2.388725266      4.598512828 
   0.001047157719      0.367796786    -0.2852597765      1.492254065      2.042820764      7.543811703      3.370695029       -2.5114011      4.554221864 
  0.0007404523243     0.3628498192    -0.2909581377       1.49205627      2.174143742      8.075208852      3.348307841     -2.344534369      4.518678111 
  0.0005235788597     0.3592164339     -0.295145793      1.492284904      2.021888624      7.414973313      3.326939703     -2.470011409      4.491900034 
  0.0003702261622     0.3565000353    -0.2980600454      1.492213751      2.151031429      7.938092155      3.311155947     -2.320855257      4.471886685 
  0.0002617894298     0.3546098394    -0.3002746017      1.492511543      2.009295518      7.334683497      3.297415019     -2.448350948      4.457646466 
  0.0001851130811     0.3532009414     -0.301756135      1.492457757      2.138361864       7.86158389       3.28899243     -2.308856871      4.447218735 
  0.0001308947149     0.3522598793    -0.3029417287      1.492731412      2.002701389      7.291824473      3.281011618      -2.43733765      4.440039039 
  9.255654054e-05     0.3515359919    -0.3036793343      1.492649018      2.131833589      7.821935892       3.27722144     -2.302888167      4.434721756 
  6.544735746e-05     0.3510813154    -0.3043292656      1.492892217      1.999414621      7.270293875       3.27263505     -2.431782656      4.431197277 
  4.627827027e-05     0.3507030625    -0.3046805615      1.492777881      2.128540152       7.80198212      3.271298941      -2.29993003      4.428470182 
  3.272367873e-05     0.3504927566     -0.305054376      1.492995705      1.997799411      7.259674521      3.268472036     -2.428983337      4.426782748 
  2.313913514e-05      0.350286798     -0.305198392      1.492855236      2.126887161      7.791992897        3.2683439     -2.298461927      4.425349088 
  1.636183937e-05     0.3501970086    -0.3054261018      1.493053185      1.996996821      7.254287115      3.266290813       -2.4275724      4.424569221 
  1.156956757e-05     0.3500787195    -0.3054559486      1.492892838      2.126060443      7.786992273      3.266859268     -2.297728455      4.423788897 
  8.180919683e-06      0.350049745    -0.3055994586      1.493074888      1.996598158      7.251647801      3.265243595      -2.42686746      4.423465618 
  5.784783784e-06     0.3499744851      -0.30557131      1.492904109      2.125649296      7.784527398       3.26614247      -2.29735972      4.423009016 
  4.090459841e-06     0.3499758149    -0.3056774703      1.493079285      1.996396276      7.250320104      3.264722012     -2.426514509      4.422910786 
  2.892391892e-06     0.3499221266    -0.3056251572      1.492906032      2.125440553      7.783269001      3.265771458     -2.297174439      4.422614992 
  2.045229921e-06     0.3499387726    -0.3057134409      1.493079324      1.996291872      7.249637385      3.264456145     -2.426339756      4.422631629 
  1.446195946e-06     0.3498959755    -0.3056516062      1.492906818      2.125334916      7.782631013       3.26558251     -2.297082892      4.422417808 
   1.02261496e-06     0.3499203392    -0.3057287451      1.493078055      1.996235769      7.249278725      3.264321481     -2.426256964      4.422492733 
   7.23097973e-07     0.3498830552    -0.3056618189       1.49290599      2.125281666      7.782308053      3.265485894     -2.297038875      4.422320541 
  5.113074802e-07     0.3499113672     -0.305733701       1.49307675      1.996205221      7.249086549      3.264251265     -2.426220269       4.42242549 
  3.615489865e-07       0.34987692    -0.3056640108      1.492905094      2.125256112      7.782148497      3.265434957     -2.297018989      4.422275101 
  2.556537401e-07     0.3499072286    -0.3057354315       1.49307703      1.996191494      7.248995859      3.264215377     -2.426204188      4.422395683 
  1.807744932e-07     0.3498741482    -0.3056657881      1.492906245      2.125245227      7.782078382      3.265411107     -2.297010794      4.422256021 
    1.2782687e-07     0.3499053563    -0.3057373103      1.493078577      1.996186823      7.248962392       3.26420056     -2.426196714      4.422383537 
