#               T           <Sz^2>              <Q>            <Q^2>              <E>            <E^2>                C                F                S 
      17.15663207     0.4984768672   -0.01126461812     0.9998700598    0.05834209083   0.004431392058   0.001027592496     -3.406880015      3.465222106 
      12.13157088     0.6226711949   -0.02208467318      1.499428375     0.1352583923    0.02253168406   0.004236851362     -4.714652447      4.849910839 
      8.578316037     0.7447698425 -0.0004375800252      1.990759311     0.4385299209     0.2291763796      0.036867888     -5.781287448      6.219817369 
      6.065785441     0.7833858724   -0.03667161398      2.151409641      1.371806564      3.089506412      1.207653164      -5.50624896      6.878055524 
      4.289158019     0.8309373544   -0.05316962008      2.349935353      1.448008727       3.89287939      1.796150115     -6.066318882      7.514327609 
       3.03289272     0.8249868884   -0.02060186355      2.333358562      2.096196933      7.067340403      2.673298819     -5.520297603      7.616494537 
      2.144579009     0.7901880771    -0.1799657618       2.23985218      1.748251668      5.737919724      2.681535828     -5.491806037      7.240057705 
       1.51644636     0.8376395199    -0.1873076462       2.45086146      1.997202107      5.934689807      1.945873553     -5.700234337      7.697436444 
      1.072289505     0.8094281965   -0.09034835068      2.336080748      2.489543987      8.806602923      2.608773658     -5.104903711      7.594447699 
     0.7582231801     0.7555943792    -0.5120080783      2.408371802       2.54418854      9.371698718      2.898803393     -4.588543257      7.132731796 
     0.5361447523     0.7185310129    -0.4347027945      2.223663018      2.772646164      11.07582109      3.388254333     -4.156547244      6.929193408 
     0.3791115901     0.6367872156    -0.1877487578       1.78777443      2.685523058      11.25341867      4.041384574     -3.556904182      6.242427239 
     0.2680723762     0.5940663778    -0.1508073025      1.653720532      2.478989951      10.08045707      3.935065897      -3.38247353      5.861463481 
      0.189555795     0.5617526037    -0.1642670822       1.57238526      2.429959992      9.702974566      3.798269003     -3.150916309      5.580876301 
     0.1340361881     0.5419067811    -0.1177609566      1.526214638      2.254630418      8.642747079      3.559388755     -3.175625419      5.430255838 
    0.09477789751     0.5201680291    -0.1726751439      1.505136752      2.356091164      9.053089784       3.50192421     -2.940471521      5.296562685 
    0.06701809404     0.5036325168   -0.09822894989      1.475192348      2.182090938      8.191834177      3.430313315     -3.044661946      5.226752884 
    0.04738894876     0.4869079082    -0.1717140372      1.490743296      2.344057044      8.929282175      3.434678751     -2.829336088      5.173393132 
    0.03350904702     0.4641855457     -0.129631436      1.454335672        2.1538013      8.147310619      3.508450582     -2.912973758      5.066775057 
    0.02369447438     0.4530058644    -0.1189309532      1.473203027      2.254880679      8.508486474      3.423999596     -2.793122191       5.04800287 
    0.01675452351      0.435183063    -0.1529270404      1.469374216      2.077518418       7.75845863      3.442375851     -2.876987702      4.954506121 
    0.01184723719     0.4251218317    -0.1617201348      1.477609628      2.231582592      8.342344641      3.362383775     -2.671714885      4.903297477 
   0.008377261755     0.4160855743    -0.1875056782      1.484592335      2.013261609      7.396558051      3.343335744     -2.841797364      4.855058973 
   0.005923618595     0.4079356929    -0.2111113762      1.489777266      2.249951605      8.412163264      3.349881038     -2.560023276      4.809974882 
   0.004188630877     0.3993610877    -0.2327820306      1.492217174      2.062534923      7.631361346      3.377311038     -2.698708895      4.761243818 
   0.002961809297     0.3903886244    -0.2515044151      1.492885405       2.24531248      8.442449353      3.401021222     -2.461456524      4.706769004 
   0.002094315439     0.3817504037    -0.2661113013      1.492701152      2.065641375      7.670926171       3.40405188     -2.584912934      4.650554309 
   0.001480904649     0.3740581202    -0.2770485545      1.492242964      2.209792333      8.275438281      3.392256126     -2.388639337       4.59843167 
   0.001047157719     0.3677822116    -0.2850640348      1.492161389      2.042697099      7.543260306      3.370648868     -2.511465968      4.554163067 
  0.0007404523243     0.3628390913    -0.2907553763      1.491954008      2.174165099      8.075267535      3.348273657     -2.344471039      4.518636138 
  0.0005235788597     0.3592087166    -0.2949395016      1.492175405      2.021777563      7.414497759      3.326913247      -2.47009284      4.491870403 
  0.0003702261622     0.3564945098    -0.2978521514      1.492098904      2.151062941      7.938209271      3.311137493     -2.320802799      4.471865741 
  0.0002617894298     0.3546059447    -0.3000659549      1.492392965       2.00919173      7.334252277      3.297400871     -2.448440158      4.457631888 
  0.0001851130811     0.3531981657    -0.3015472552      1.492336469      2.138398853       7.86173302      3.288983365     -2.308809586      4.447208439 
  0.0001308947149     0.3522579424    -0.3027327361      1.492608312      2.002601444      7.291417097      3.281004554     -2.437430509      4.440031953 
  9.255654054e-05     0.3515346008     -0.303470395      1.492524549      2.131873331      7.822101166      3.277217265     -2.302843338      4.434716669 
  6.544735746e-05     0.3510803568    -0.3041203248      1.492766884      1.999316589      7.269898222      3.272631399     -2.431877238      4.431193827 
  4.627827027e-05     0.3507023618    -0.3044717068      1.492651836      2.128581257      7.802155379       3.27129721     -2.299886383      4.428467641 
  3.272367873e-05     0.3504922833    -0.3048455167      1.492869252      1.997702317       7.25928441      3.268469862      -2.42907874      4.426781057 
  2.313913514e-05     0.3502864414    -0.3049896105      1.492728406      2.126928945      7.792170142      3.268343406     -2.298418857      4.425347802 
  1.636183937e-05     0.3501967829     -0.305217307      1.492926191      1.996900252      7.253900508      3.266289893     -2.427668206      4.424568457 
  1.156956757e-05     0.3500785344    -0.3052472091      1.492765616      2.126102561      7.787171466      3.266859366     -2.297685671      4.423788232 
  8.180919683e-06     0.3500496407    -0.3053906918       1.49294762      1.996501828      7.251262637      3.265243088     -2.426963464      4.423465292 
  5.784783784e-06     0.3499743857     -0.305362589      1.492776696      2.125691581      7.784707568      3.266142869     -2.297317078      4.423008659 
  4.090459841e-06     0.3499757712    -0.3054687162      1.492951883      1.996300065      7.249935659       3.26472171     -2.426610612      4.422910677 
  2.892391892e-06     0.3499220701    -0.3054164459      1.492778525      2.125482921      7.783449653      3.265772005     -2.297131868      4.422614789 
  2.045229921e-06     0.3499387592    -0.3055046938      1.492951857       1.99619572      7.249253298      3.264455946     -2.426435909      4.422631629 
  1.446195946e-06     0.3498959405    -0.3054429009      1.492779265      2.125377326      7.782811907      3.265583131     -2.297040357      4.422417683 
   1.02261496e-06      0.349920341    -0.3055200016      1.492950556      1.996139644       7.24889481      3.264321333     -2.426353144      4.422492788 
   7.23097973e-07     0.3498830308    -0.3054531163      1.492778415      2.125324097      7.782489069      3.265486552     -2.296996357      4.422320454 
  5.113074802e-07     0.3499113765    -0.3055249588      1.492949236      1.996109108      7.248702713      3.264251143     -2.426316464      4.422425572 
  3.615489865e-07     0.3498769009    -0.3054553085      1.492777508      2.125298553      7.782329573      3.265435634      -2.29697648      4.422275033 
  2.556537401e-07     0.3499072417     -0.305526689      1.492949507      1.996095387      7.248612061      3.264215268     -2.426300391      4.422395778 
  1.807744932e-07     0.3498741317    -0.3054570851      1.492778653      2.125287673      7.782259488      3.265411794     -2.296968289      4.422255962 
    1.2782687e-07     0.3499053712    -0.3055285667      1.492951049      1.996090718      7.248578611      3.264200458     -2.426292921      4.422383639 
