#               T           <Sz^2>              <Q>            <Q^2>              <E>            <E^2>                C                F                S 
      17.15663207     0.4984768675   -0.01126441217     0.9998700563    0.05834209764   0.004431388286   0.001027587929     -3.406880011      3.465222108 
      12.13157088      0.622671196   -0.02208407187      1.499428353     0.1352584109    0.02253167185   0.004236834116     -4.714652437      4.849910848 
      8.578316037     0.7447698566 -0.0004379904276      1.990759368     0.4385291043      0.229175439    0.03686766363     -5.781288378      6.219817483 
      6.065785441     0.7833857775   -0.03667076736      2.151409199      1.371805956      3.089505779      1.207654198     -5.506248693      6.878054649 
      4.289158019     0.8309373717   -0.05316835298      2.349935287      1.448007748       3.89287625      1.796149812     -6.066319994      7.514327742 
       3.03289272     0.8249866238   -0.02060237452      2.333357525      2.096197689      7.067346825      2.673302075     -5.520294497      7.616492186 
      2.144579009     0.7901881551    -0.1799607967      2.239850707      1.748248947      5.737908875      2.681534494     -5.491809361      7.240058308 
       1.51644636     0.8376397134    -0.1873052587       2.45086134      1.997200961      5.934682635      1.945870956     -5.700237135      7.697438096 
      1.072289505     0.8094277806   -0.09034990748      2.336079365      2.489545688      8.806617628      2.608779896      -5.10489854      7.594444228 
     0.7582231801     0.7555945482    -0.5119989274      2.408363176      2.544187189      9.371685012      2.898796558     -4.588545256      7.132732445 
     0.5361447523     0.7185304893    -0.4346904832      2.223650358      2.772649088      11.07584272      3.388259755      -4.15653966      6.929188748 
     0.3791115901     0.6367869791    -0.1877452683      1.787772052      2.685522987      11.25342092       4.04138721     -3.556901931      6.242424918 
     0.2680723762     0.5940663214    -0.1508074493      1.653720084      2.478989442      10.08045974      3.935071083     -3.382473332      5.861462774 
      0.189555795     0.5617526202    -0.1642671672         1.572385      2.429958946      9.702968606      3.798268128     -3.150916252      5.580875197 
     0.1340361881     0.5419069597    -0.1177659212      1.526216107       2.25462843      8.642734378      3.559385022     -3.175627681      5.430256111 
    0.09477789751     0.5201682996    -0.1726735836       1.50513692      2.356092045      9.053090847      3.501921122     -2.940472255        5.2965643 
    0.06701809404     0.5036332454   -0.09824116155      1.475197456      2.182087502       8.19181103      3.430305162     -3.044671564      5.226759066 
    0.04738894876       0.48690814    -0.1717047224      1.490741219      2.344064874      8.929316436      3.434676303      -2.82933093      5.173395804 
    0.03350904702     0.4641885646    -0.1296561918        1.4543553      2.153793055      8.147238767      3.508414242     -2.913011371      5.066804426 
    0.02369447438     0.4530000596    -0.1190412889      1.473209416      2.254989981      8.509060098      3.424080284     -2.792970747      5.047960728 
    0.01675452351     0.4351793446    -0.1529470953      1.469373666       2.07750135       7.75841184      3.442399982     -2.876982334      4.954483684 
    0.01184723719     0.4251163437    -0.1617713008      1.477622026      2.231673839      8.342811386      3.362443261     -2.671605626      4.903279466 
   0.008377261755     0.4160740247    -0.1875226018       1.48458532      2.013273437      7.396724497      3.343454565     -2.841735119      4.855008556 
   0.005923618595     0.4079223762    -0.2110913786      1.489765128      2.249983101      8.412403914      3.349979959     -2.559942068      4.809925169 
   0.004188630877     0.3993465507    -0.2327312211      1.492197172      2.062467892       7.63113165      3.377357843     -2.698719227      4.761187119 
   0.002961809297     0.3903754285    -0.2514292774      1.492860124      2.245313564      8.442440794      3.401007795     -2.461406625      4.706720188 
   0.002094315439     0.3817396946    -0.2660195892      1.492669883      2.065568621       7.67059555      3.404021823     -2.584952419       4.65052104 
   0.001480904649     0.3740499886    -0.2769474914      1.492204994      2.209803666      8.275465387      3.392233144     -2.388607848      4.598411514 
   0.001047157719     0.3677762996     -0.284958376      1.492117039      2.042637585      7.543001794       3.37063349      -2.51151406      4.554151645 
  0.0007404523243     0.3628348538    -0.2906479863      1.491904209      2.174183587      8.075340017      3.348265749     -2.344446086      4.518629672 
  0.0005235788597     0.3592057224    -0.2948317197      1.492121447      2.021724347      7.414277886      3.326908552      -2.47014232      4.491866666 
  0.0003702261622     0.3564923838     -0.297744603      1.492041869      2.151083457       7.93829524        3.3111352     -2.320779968      4.471863425 
  0.0002617894298     0.3546044575    -0.2999587859      1.492333781      2.009140987      7.334046591      3.297399084     -2.448489499      4.457630486 
  0.0001851130811     0.3531971057    -0.3014405244      1.492275734      2.138419948      7.861822585      3.288982713     -2.308787543      4.447207491 
  0.0001308947149      0.352257207    -0.3026263482      1.492546541      2.002551842      7.291217696      3.281003818     -2.437479551      4.440031392 
  9.255654054e-05     0.3515340699    -0.3033643254      1.492462005      2.131894609      7.822191798      3.277217172     -2.302821626      4.434716236 
  6.544735746e-05     0.3510799942    -0.3040144634      1.492703849       1.99926754      7.269701684      3.272630986     -2.431926054      4.431193594 
  4.627827027e-05     0.3507020937    -0.3043660412      1.492588405      2.128602602      7.802246385      3.271297348     -2.299864822      4.428467424 
  3.272367873e-05     0.3504921049    -0.3047399578      1.492805592      1.997653543      7.259089156      3.268469477     -2.429127414      4.426780958 
  2.313913514e-05     0.3502863041    -0.3048841689      1.492664539      2.126950317      7.792261312      3.268343662     -2.298397369      4.425347686 
  1.636183937e-05     0.3501966993    -0.3051119149      1.492862231      1.996851648      7.253706291      3.266289786       -2.4277168      4.424568449 
  1.156956757e-05     0.3500784624     -0.305141881      1.492701532      2.126123945      7.787262697      3.266859668     -2.297664217      4.423788162 
  8.180919683e-06     0.3500496031    -0.3052853757      1.492883505      1.996453298      7.251068782      3.265243012     -2.427012018      4.423465315 
  5.784783784e-06     0.3499743462    -0.3052573116      1.492712501      2.125712971      7.784798832      3.266143198     -2.297295641      4.423008612 
  4.090459841e-06     0.3499757566    -0.3053634342      1.492887689       1.99625157      7.249741979      3.264721649     -2.426659145      4.422910715 
  2.892391892e-06     0.3499220467    -0.3053111925      1.492714274      2.125504312      7.783540927      3.265772345     -2.297110439      4.422614752 
  2.045229921e-06     0.3499387559    -0.3053994279      1.492887623      1.996147241      7.249059697      3.264455891     -2.426484433      4.422631674 
  1.446195946e-06     0.3498959251    -0.3053376599      1.492714987      2.125398717      7.782903182      3.265583475     -2.297018932      4.422417649 
   1.02261496e-06     0.3499203435    -0.3054147428      1.492886303       1.99609117      7.248701239      3.264321281     -2.426401666      4.422492836 
   7.23097973e-07     0.3498830196    -0.3053478801      1.492714123      2.125345489      7.782580344      3.265486898     -2.296974935      4.422320423 
  5.113074802e-07      0.349911382    -0.3054197021      1.492884973      1.996060635      7.248509149      3.264251091     -2.426364987      4.422425622 
  3.615489865e-07     0.3498768919    -0.3053500729       1.49271321      2.125319945      7.782420848       3.26543598      -2.29695506      4.422275005 
  2.556537401e-07     0.3499072487    -0.3054214326       1.49288524      1.996046915      7.248418501      3.264215215     -2.426348916      4.422395831 
  1.807744932e-07     0.3498741238    -0.3053518497      1.492714351      2.125309066      7.782350768       3.26541214      -2.29694687      4.422255936 
    1.2782687e-07     0.3499053791    -0.3054233104       1.49288678      1.996042246      7.248385055      3.264200406     -2.426341447      4.422383694 
