#               T           <Sz^2>              <Q>            <Q^2>              <E>            <E^2>                C                F                S 
      17.15663207     0.4984768676   -0.01126431468     0.9998700546    0.05834210108   0.004431386533   0.001027585775     -3.406880008      3.465222109 
      12.13157088     0.6226711965    -0.0220837749      1.499428342     0.1352584294    0.02253166889   0.004236826155     -4.714652422      4.849910852 
      8.578316037     0.7447698641 -0.0004382227081      1.990759398     0.4385286672     0.2291749368    0.03686754479     -5.781288875      6.219817543 
      6.065785441     0.7833857325   -0.03667035542      2.151408989      1.371805688      3.089505535      1.207654689     -5.506248546      6.878054234 
      4.289158019     0.8309373802   -0.05316773401      2.349935256      1.448007261      3.892874692      1.796149664     -6.066320546      7.514327808 
       3.03289272     0.8249865005   -0.02060268977      2.333357045      2.096198098      7.067350071      2.673303607     -5.520292995      7.616491093 
      2.144579009     0.7901881953    -0.1799582685      2.239849959      1.748247591      5.737903477      2.681533836     -5.491811033      7.240058624 
       1.51644636     0.8376398019    -0.1873039999      2.450861222      1.997200513      5.934679664      1.945869774     -5.700238338      7.697438851 
      1.072289505      0.809427581   -0.09035105197      2.336078771      2.489546709      8.806626021      2.608783203     -5.104895914      7.594442623 
     0.7582231801     0.7555946048    -0.5119940074        2.4083584      2.544186533      9.371678297      2.898793184     -4.588545921      7.132732453 
     0.5361447523     0.7185300616    -0.4346830443      2.223642253      2.772650429      11.07585396      3.388263563     -4.156534331      6.929184759 
     0.3791115901     0.6367868246    -0.1877437238      1.787770773      2.685522674       11.2534204      4.041388369     -3.556900592      6.242423266 
     0.2680723762     0.5940663115    -0.1508078238      1.653719974      2.478989173      10.08046147      3.935074151     -3.382473369      5.861462543 
      0.189555795     0.5617526251    -0.1642676795      1.572384956       2.42995839      9.702965693      3.798267913       -3.1509161      5.580874491 
     0.1340361881     0.5419070821    -0.1177687439      1.526216987       2.25462718      8.642726558      3.559382839     -3.175629206      5.430256385 
    0.09477789751     0.5201684135    -0.1726734702      1.505137079      2.356092726      9.053092964      3.501920028     -2.940472064      5.296564791 
    0.06701809404     0.5036336728   -0.09824739667      1.475200236      2.182085301      8.191796736      3.430300477     -3.044677327      5.226762627 
    0.04738894876     0.4869081361    -0.1717017123      1.490740278      2.344070314      8.929342537      3.434676902     -2.829325874      5.173396188 
    0.03350904702     0.4641902097    -0.1296666036      1.454365309      2.153788076      8.147197698      3.508394619      -2.91303261      5.066820686 
    0.02369447438      0.452996926    -0.1191060391      1.473214438      2.255051101      8.509380205      3.424124735      -2.79288771      5.047938811 
    0.01675452351      0.435176548    -0.1529591665       1.46937124      2.077492868       7.75839939      3.442422773     -2.876972894      4.954465762 
    0.01184723719      0.425113486    -0.1617943246      1.477628622      2.231715081      8.343023342      3.362471139     -2.671556585      4.903271666 
   0.008377261755     0.4160679812    -0.1875276153      1.484581777      2.013279655      7.396808342      3.343513374     -2.841704564      4.854984219 
   0.005923618595     0.4079159316    -0.2110756559      1.489759961      2.249994398      8.412496095      3.350021303     -2.559910927      4.809905326 
   0.004188630877     0.3993398965    -0.2327005499      1.492189021      2.062427182      7.630977586      3.377371704     -2.698739799      4.761166981 
   0.002961809297     0.3903698169    -0.2513875967      1.492850112      2.245315118      8.442432899       3.40099292     -2.461391526      4.706706644 
   0.002094315439     0.3817354974    -0.2659711664      1.492657227      2.065533254      7.670431589      3.404003966      -2.58498331      4.650516564 
   0.001480904649     0.3740470383    -0.2768959496         1.492189      2.209813718      8.275500885      3.392224217     -2.388599341      4.598413059 
   0.001047157719     0.3677742871    -0.2849058438      1.492097709      2.042611674      7.542893367      3.370630915     -2.511544064      4.554155738 
  0.0007404523243     0.3628334714    -0.2905955852      1.491881995      2.174196123      8.075395943      3.348267161     -2.344437972      4.518634096 
  0.0005235788597     0.3592047728    -0.2947798392      1.492097023      2.021701089      7.414186182       3.32691089     -2.470169403      4.491870492 
  0.0003702261622     0.3564917172    -0.2976933483      1.492015815      2.151095263      7.938348505      3.311137677     -2.320771125      4.471866388 
  0.0002617894298     0.3546039969    -0.2999080795      1.492306594      2.009118212      7.333956889      3.297400897     -2.448514513      4.457632725 
  0.0001851130811     0.3531967766    -0.3013902917      1.492247734      2.138430927      7.861871151      3.288984323     -2.308778174      4.447209101 
  0.0001308947149     0.3522569812    -0.3025764687      1.492517999      2.002529197      7.291128027      3.281004843     -2.437503386      4.440032583 
  9.255654054e-05      0.351533905    -0.3033147347      1.492433063      2.131905088      7.822237402        3.2772181     -2.302811971      4.434717059 
  6.544735746e-05     0.3510798836    -0.3039650705      1.492674654      1.999244954      7.269611869      3.272631482     -2.431949257      4.431194211 
  4.627827027e-05       0.35070201     -0.304316813      1.492559009      2.128612811      7.802290398      3.271297898     -2.299855024      4.428467835 
  3.272367873e-05      0.350492051    -0.3046908321      1.492776077       1.99763099      7.258999213      3.268469641     -2.429150283      4.426781273 
  2.313913514e-05     0.3502862608    -0.3048351359       1.49263492      2.126960388      7.792304513      3.268344023       -2.2983875      4.425347888 
  1.636183937e-05     0.3501966749    -0.3050629323      1.492832564      1.996829129       7.25361648      3.266289908     -2.427739496      4.424568625 
  1.156956757e-05     0.3500784392    -0.3050929462      1.492671803      2.126133945      7.787305483       3.26685993     -2.297654312      4.423788258 
  8.180919683e-06     0.3500495929    -0.3052364588      1.492853758       1.99643079      7.250978963      3.265243063     -2.427034626      4.423465416 
  5.784783784e-06     0.3499743329    -0.3052084205      1.492682714      2.125722936      7.784841414      3.266143413     -2.297285717      4.423008654 
  4.090459841e-06     0.3499757533    -0.3053145467      1.492857901      1.996229067      7.249652153      3.264721665      -2.42668171      4.422910778 
  2.892391892e-06     0.3499220383    -0.3052623218      1.492684458      2.125514259      7.783583401      3.265772534     -2.297100506      4.422614765 
  2.045229921e-06     0.3499387561    -0.3053505541      1.492857814      1.996124739      7.248969861      3.264455887     -2.426506977      4.422631716 
  1.446195946e-06     0.3498959192    -0.3052887995      1.492685156      2.125408654      7.782945599      3.265583651     -2.297008994      4.422417649 
   1.02261496e-06     0.3499203454    -0.3053658749      1.492856483      1.996068667      7.248611389      3.264321267     -2.426424202      4.422492868 
   7.23097973e-07     0.3498830149    -0.3052990238      1.492684285      2.125355421       7.78262273      3.265487066     -2.296964995      4.422320416 
  5.113074802e-07     0.3499113849     -0.305370836      1.492855148       1.99603813      7.248419286      3.264251071     -2.426387521       4.42242565 
  3.615489865e-07     0.3498768879    -0.3053012173      1.492683367      2.125329875      7.782463221      3.265436143      -2.29694512      4.422274995 
  2.556537401e-07     0.3499072522    -0.3053725669      1.492855412      1.996024409      7.248328632      3.264215192     -2.426371449      4.422395858 
  1.807744932e-07     0.3498741204    -0.3053029944      1.492684508      2.125318996      7.782393136      3.265412301     -2.296936931      4.422255927 
    1.2782687e-07     0.3499053829    -0.3053744451      1.492856951      1.996019741      7.248295189      3.264200382     -2.426363981      4.422383722 
