#               T           <Sz^2>              <Q>            <Q^2>              <E>            <E^2>                C                F                S 
      17.15663207     0.4984768677   -0.01126427297     0.9998700539    0.05834210266   0.004431385799   0.001027584856     -3.406880007       3.46522211 
      12.13157088     0.6226711967   -0.02208364168      1.499428337     0.1352584442    0.02253166969   0.004236822966     -4.714652409      4.849910853 
      8.578316037     0.7447698677 -0.0004383413933      1.990759413     0.4385284504     0.2291746885    0.03686748671     -5.781289122      6.219817572 
      6.065785441     0.7833857141   -0.03667017315      2.151408902      1.371805587      3.089505459      1.207654891     -5.506248477      6.878054064 
      4.289158019      0.830937384   -0.05316745975      2.349935242      1.448007043      3.892873996      1.796149598     -6.066320793      7.514327837 
       3.03289272     0.8249864512   -0.02060286023      2.333356855      2.096198304      7.067351556      2.673304228     -5.520292354      7.616490658 
      2.144579009     0.7901882142    -0.1799570923      2.239849611      1.748246984      5.737901063      2.681533545     -5.491811792      7.240058776 
       1.51644636     0.8376398365    -0.1873033814      2.450861128      1.997200395      5.934678733      1.945869314     -5.700238751      7.697439146 
      1.072289505     0.8094274979   -0.09035177609      2.336078567      2.489547285      8.806630481      2.608784798     -5.104894714      7.594441999 
     0.7582231801     0.7555946133     -0.511991533      2.408355918      2.544186243      9.371675345      2.898791704     -4.588546026       7.13273227 
     0.5361447523     0.7185297625    -0.4346788199      2.223637421      2.772650963      11.07585935      3.388265989     -4.156530942      6.929181905 
     0.3791115901     0.6367867324    -0.1877431131      1.787770128      2.685522378      11.25341923      4.041388786     -3.556899848      6.242422226 
     0.2680723762     0.5940663179    -0.1508081216      1.653719982      2.478989055      10.08046258      3.935075848     -3.382473474      5.861462529 
      0.189555795     0.5617526257    -0.1642681469      1.572384983      2.429958142      9.702964514      3.798267943     -3.150915964      5.580874106 
     0.1340361881     0.5419071531     -0.117770182       1.52621746      2.254626492      8.642722317      3.559381698     -3.175630097      5.430256589 
    0.09477789751     0.5201684546    -0.1726737273      1.505137194      2.356093168      9.053094765      3.501919749     -2.940471719      5.296564887 
    0.06701809404     0.5036338978   -0.09825036522      1.475201642      2.182084061      8.191788897      3.430298046     -3.044680451      5.226764513 
    0.04738894876     0.4869080732    -0.1717010273      1.490739866      2.344073559      8.929358929      3.434678077     -2.829322351       5.17339591 
    0.03350904702     0.4641910653    -0.1296704733      1.454370166      2.153785283      8.147175545      3.508384498     -2.913043974      5.066829258 
    0.02369447438     0.4529952927    -0.1191426713      1.473217857      2.255083791      8.509551232      3.424148327     -2.792843897      5.047927688 
    0.01675452351     0.4351746692    -0.1529660715       1.46936868      2.077488843      7.758399725      3.442439833     -2.876964207      4.954453049 
    0.01184723719     0.4251120928    -0.1618040297      1.477631985        2.2317318      8.343109799      3.362482972     -2.671536782      4.903268582 
   0.008377261755      0.416064971    -0.1875279178      1.484579848      2.013282857      7.396848872      3.343541009     -2.841690059      4.854972916 
   0.005923618595     0.4079130544    -0.2110649109      1.489757978      2.249996597      8.412520483      3.350035797     -2.559902284      4.809898881 
   0.004188630877     0.3993371658     -0.232682821      1.492186106      2.062402862      7.630877771      3.377372208     -2.698759459      4.761162321 
   0.002961809297     0.3903678433    -0.2513653901      1.492846933      2.245315972      8.442423909      3.400980096     -2.461391051      4.706707022 
   0.002094315439     0.3817343245    -0.2659467594      1.492653132      2.065516775      7.670352426       3.40399288     -2.585005543      4.650522317 
   0.001480904649     0.3740464517    -0.2768711284      1.492183488      2.209821084      8.275530019      3.392220796      -2.38860055      4.598421634 
   0.001047157719     0.3677740421    -0.2848814802      1.492090647      2.042602052      7.542855646      3.370632505     -2.511562527      4.554164579 
  0.0007404523243     0.3628333854    -0.2905720167      1.491873549      2.174204304      8.075435586      3.348271232     -2.344437488      4.518641792 
  0.0005235788597      0.359204755    -0.2947570596      1.492087493      2.021692686       7.41415655      3.326915235      -2.47018391      4.491876595 
  0.0003702261622     0.3564917187     -0.297671258      1.492005479      2.151101972      7.938381196      3.311141501      -2.32076899      4.471870962 
  0.0002617894298     0.3546040071    -0.2998865286      1.492295693      2.009109551      7.333924999       3.29740381     -2.448526524      4.457636075 
  0.0001851130811     0.3531967837    -0.3013691646      1.492236432      2.138436421      7.861896907      3.288986581     -2.308775078      4.447211499 
  0.0001308947149     0.3522569895    -0.3025556508      1.492506427      2.002520264      7.291093827       3.28100642     -2.437514042      4.440034306 
  9.255654054e-05     0.3515339087    -0.3032941548      1.492421296      2.131909885      7.822259064      3.277219305     -2.302808385       4.43471827 
  6.544735746e-05     0.3510798888     -0.303944657      1.492662761      1.999235876       7.26957636      3.272632272     -2.431959205      4.431195081 
  4.627827027e-05     0.3507020113    -0.3042965294       1.49254702      2.128617245      7.802309913      3.271298539     -2.299851195       4.42846844 
  3.272367873e-05     0.3504920541     -0.304670635      1.492764031      1.997621843      7.258963031      3.268470003     -2.429159867       4.42678171 
  2.313913514e-05     0.3502862607    -0.3048150087      1.492622825      2.126964635      7.792322939      3.268344379     -2.298383552      4.425348188 
  1.636183937e-05     0.3501966775    -0.3050428487      1.492820445      1.996819958      7.253580049      3.266290105     -2.427748894      4.424568852 
  1.156956757e-05     0.3500784385     -0.305072897      1.492659655        2.1261381      7.787323362      3.266860141     -2.297650305      4.423788405 
  8.180919683e-06     0.3500495949    -0.3052164276        1.4928416      1.996421604      7.250942378      3.265243158      -2.42704393      4.423465534 
  5.784783784e-06     0.3499743318    -0.3051884062      1.492670537      2.125727044       7.78485902      3.266143553      -2.29728168      4.423008724 
  4.090459841e-06      0.349975755    -0.3052945387      1.492845722      1.996219873      7.249615488      3.264721709     -2.426690968       4.42291084 
  2.892391892e-06     0.3499220369    -0.3052423236      1.492672265      2.125518344      7.783600867      3.265772638     -2.297096453      4.422614796 
  2.045229921e-06     0.3499387576    -0.3053305568      1.492845624      1.996115539       7.24893315      3.264455904     -2.426516211       4.42263175 
  1.446195946e-06     0.3498959177    -0.3052688094      1.492672956      2.125412726      7.782962993      3.265583736     -2.297004934       4.42241766 
   1.02261496e-06     0.3499203468    -0.3053458822      1.492844287      1.996059463      7.248574649       3.26432127     -2.426433426      4.422492889 
   7.23097973e-07     0.3498830134    -0.3052790367      1.492672081      2.125359486      7.782640086       3.26548714     -2.296960932      4.422320418 
  5.113074802e-07     0.3499113863    -0.3053508447      1.492842948      1.996028923      7.248382527      3.264251066     -2.426396742      4.422425665 
  3.615489865e-07     0.3498768865    -0.3052812307      1.492671161      2.125333938      7.782480558      3.265436211     -2.296941055      4.422274993 
  2.556537401e-07     0.3499072537     -0.305352576      1.492843211      1.996015201      7.248291865      3.264215183      -2.42638067       4.42239587 
  1.807744932e-07     0.3498741191    -0.3052830082        1.4926723      2.125323058      7.782410468      3.265412368     -2.296932866      4.422255924 
    1.2782687e-07     0.3499053846    -0.3053544546       1.49284475      1.996010533      7.248258421      3.264200372     -2.426373201      4.422383734 
