#               T           <Sz^2>              <Q>            <Q^2>              <E>            <E^2>                C                F                S 
      17.15663207     0.4984770029   -0.01116592837     0.9998684014    0.05834405187   0.004429400919   0.001025372531     -3.406879165      3.465223217 
      12.13157088     0.6226843516   -0.02188634246      1.499472316     0.1316052559     0.0213462972   0.004026353814     -4.718410944        4.8500162 
      8.578316037     0.7446480765   0.001270791388      1.990273769     0.4475733126     0.2391257269    0.03880385675     -5.771267155      6.218840468 
      6.065785441     0.7819068261   -0.03765993518      2.145567195      1.364408387      3.085316041      1.223705794     -5.499995207      6.864403595 
      4.289158019     0.8310002001   -0.04664254241      2.349536017      1.446890173      3.888475746      1.794984573     -6.067906944      7.514797117 
       3.03289272     0.8196473834   -0.02728514481      2.312322689      2.085426033      7.082745869      2.733744129      -5.48241464      7.567840673 
      2.144579009     0.7905752144    -0.1741255121      2.239402587      1.725125534      5.643351793      2.667293687     -5.516836778      7.241962311 
       1.51644636      0.838724416    -0.1816064055      2.453084687      1.981251689      5.858321091      1.932962835     -5.725693385      7.706945075 
      1.072289505     0.8022712619    -0.1360173977      2.317829997      2.460093949      8.710518296      2.658456059     -5.062190188      7.522284137 
     0.7582231801     0.7559468194    -0.5575829127      2.458490069       2.50776302      9.075177504      2.786302142     -4.606475008      7.114238027 
     0.5361447523     0.7306118906    -0.5553181514      2.390212911      2.762959527      10.87628535          3.24234     -4.273369134       7.03632866 
     0.3791115901     0.6426986933    -0.2013410971      1.816562134      2.711049081      11.41335669      4.063569568     -3.600667081      6.311716162 
     0.2680723762     0.5941726642    -0.1554757794      1.648598696      2.507580942      10.24656313      3.958600955     -3.353066245      5.860647187 
      0.189555795     0.5621093626    -0.1414388237      1.560790035       2.41083246      9.631961133      3.819847983     -3.166073548      5.576906008 
     0.1340361881     0.5406453535     -0.122849171      1.511716821      2.265207481       8.72399406      3.592829128     -3.132117762      5.397325243 
    0.09477789751     0.5218484579    -0.1239028584      1.478999758      2.308731379      8.809006519      3.478765941     -2.959283771       5.26801515 
    0.06701809404     0.5075783264    -0.1129528909      1.465756797       2.16523519      8.081988136      3.393744708     -3.034939707      5.200174897 
    0.04738894876     0.4906790791    -0.1233953241      1.452440491      2.320608233      8.794817552      3.409594981     -2.806337712      5.126945945 
    0.03350904702     0.4757136731    -0.1141530712      1.448601707      2.124202725      7.912339625      3.400102407     -2.954419423      5.078622148 
    0.02369447438     0.4578271808    -0.1219254778      1.442601853      2.345297772      8.938619188       3.43819755     -2.666262696      5.011560467 
    0.01675452351     0.4406069287    -0.1201825264      1.440450923      2.087221931      7.814616968      3.458121578     -2.859810009       4.94703194 
    0.01184723719     0.4227148928    -0.1215529123      1.436230766      2.335281562      8.940861111      3.487321137     -2.533624571      4.868906133 
   0.008377261755      0.406384807    -0.1212621757      1.432951798      2.040694137      7.655349134      3.490916574      -2.74730161      4.787995747 
   0.005923618595     0.3920401903    -0.1196876162      1.428628843      2.284416405      8.696245974      3.477687661      -2.42334271      4.707759115 
   0.004188630877     0.3805836746    -0.1175505633      1.424859893      1.990552452      7.406697523      3.444398457     -2.646314561      4.636867013 
   0.002961809297     0.3717676164     -0.115878187      1.421334583        2.2276326      8.369800636      3.407453635     -2.350778075      4.578410675 
   0.002094315439     0.3654249574     -0.114943489      1.419007686      1.947005706      7.160095241      3.369264021      -2.58712666      4.534132366 
   0.001480904649     0.3608251772    -0.1147277926      1.417046526      2.190378776      8.139096702      3.341337517      -2.31112055      4.501499326 
   0.001047157719     0.3576566522    -0.1148947458      1.416040028       1.92218704      7.012283331      3.317480313     -2.556342753      4.478529794 
  0.0007404523243     0.3553405425    -0.1152322562      1.415013841      2.171031913      8.016815219      3.303435651     -2.290920935      4.461952848 
  0.0005235788597     0.3537891603    -0.1155811188      1.414659943      1.909813287      6.938083075      3.290696285     -2.540759674      4.450572961 
  0.0003702261622     0.3526049447      -0.11589646       1.41404686      2.161419264      7.956254204      3.284520971     -2.280726156       4.44214542 
  0.0002617894298     0.3518552553    -0.1161596542      1.413987133      1.903675867      6.901318492      3.277336688     -2.532872974      4.436548841 
  0.0001851130811     0.3512353039    -0.1163610977      1.413568784      2.156612769      7.926106181      3.275127545     -2.275587039      4.432199808 
  0.0001308947149     0.3508865005    -0.1165260429      1.413661154      1.900620785      6.883059584      3.270700217     -2.528886221      4.429507005 
  9.255654054e-05     0.3505488084    -0.1166351526      1.413330483      2.154198133      7.910973941      3.270404345     -2.273003285      4.427201418 
  6.544735746e-05     0.3504004338    -0.1167326808      1.413499092      1.899091244      6.873850585      3.267303033     -2.526874418      4.425965662 
  4.627827027e-05     0.3502050416    -0.1167852543      1.413211901      2.152987463       7.90339778      3.268042762     -2.271707833      4.424695296 
  3.272367873e-05     0.3501572815    -0.1168439976      1.413416504      1.898330427      6.869268957      3.265610548     -2.525861034      4.424191461 
  2.313913514e-05     0.3500327389    -0.1168649766      1.413153077      2.152377047      7.899543841      3.266816888     -2.271058911      4.423435958 
  1.636183937e-05     0.3500356135    -0.1169022011      1.413375439      1.897951924      6.866984732      3.264763225     -2.525351269      4.423303193 
  1.156956757e-05     0.3499465668       -0.1169064      1.413121621      2.152072584      7.897631011      3.266214606     -2.270734126      4.422806709 
  8.180919683e-06     0.3499747438    -0.1169295031      1.413354334       1.89776227      6.865841325      3.264339691     -2.525096395      4.422858665 
  5.784783784e-06     0.3499024059    -0.1169240269      1.413106013      2.151915821      7.896601732      3.265860032     -2.270571111      4.422486932 
  4.090459841e-06     0.3499442802     -0.116941908      1.413343382      1.897667121      6.865268311       3.26412781     -2.524968963      4.422636083 
  2.892391892e-06      0.349880851    -0.1169326681      1.413098152      2.151839619      7.896124851      3.265711107     -2.270489722      4.422329341 
  2.045229921e-06     0.3499286387    -0.1169477629      1.413338346      1.897616117      6.864930296      3.263983367     -2.524905306      4.422521424 
  1.446195946e-06     0.3498700749     -0.116937055      1.413094245      2.151801427      7.895885786      3.265636406     -2.270449103       4.42225053 
   1.02261496e-06     0.3499210258     -0.116950382      1.413335508      1.897591399      6.864783163      3.263930045     -2.524874353      4.422465752 
   7.23097973e-07      0.349864698    -0.1169388407      1.413092239      2.151782299       7.89576595      3.265598889     -2.270428918      4.422211216 
  5.113074802e-07     0.3499173286    -0.1169515931      1.413335081      1.897578194       6.86470549      3.263902486     -2.524859516       4.42243771 
  3.615489865e-07     0.3498620331    -0.1169392445      1.413091215      2.151772822      7.895706309       3.26558003     -2.270418974      4.422191796 
  2.556537401e-07     0.3499154588    -0.1169518518      1.413334412      1.897571799      6.864667722       3.26388899     -2.524852342      4.422424141 
  1.807744932e-07     0.3498607214    -0.1169394375      1.413090785      2.151768223      7.895677158      3.265570672     -2.270414116       4.42218234 
    1.2782687e-07     0.3499145379    -0.1169520059      1.413334139      1.897568743      6.864649599      3.263882464     -2.524848809      4.422417552 
