#               T           <Sz^2>              <Q>            <Q^2>              <E>            <E^2>                C                F                S 
      17.15663207     0.4984768677   -0.01126425774     0.9998700536    0.05834210331   0.004431385541   0.001027584523     -3.406880007       3.46522211 
      12.13157088     0.6226711968   -0.02208358895      1.499428335     0.1352584548    0.02253167159   0.004236821984     -4.714652399      4.849910854 
      8.578316037     0.7447698694 -0.0004383974879       1.99075942     0.4385283498      0.229174574    0.03686746038     -5.781289236      6.219817585 
      6.065785441      0.783385708    -0.0366701024      2.151408873       1.37180556      3.089505452      1.207654957     -5.506248448      6.878054009 
      4.289158019     0.8309373855   -0.05316735379      2.349935236      1.448006957      3.892873722      1.796149573     -6.066320891      7.514327848 
       3.03289272     0.8249864363   -0.02060294497      2.333356798      2.096198401      7.067352162      2.673304424     -5.520292127      7.616490528 
      2.144579009     0.7901882222       -0.1799566      2.239849466      1.748246747      5.737900122      2.681533434     -5.491812096      7.240058843 
       1.51644636     0.8376398466    -0.1873031028      2.450861064      1.997200406      5.934678642       1.94586918     -5.700238826      7.697439232 
      1.072289505     0.8094274701   -0.09035219574      2.336078531      2.489547591      8.806632706      2.608785495     -5.104894232      7.594441824 
     0.7582231801     0.7555946055    -0.5119903706      2.408354705      2.544186136      9.371674249      2.898791154     -4.588545939      7.132732075 
     0.5361447523     0.7185295725    -0.4346765479      2.223634704       2.77265113      11.07586172      3.388267432     -4.156528937      6.929180067 
     0.3791115901     0.6367866806    -0.1877429242      1.787769826      2.685522162      11.25341817      4.041388884     -3.556899455      6.242421617 
     0.2680723762     0.5940663273    -0.1508083096       1.65372002      2.478989013      10.08046326      3.935076736     -3.382473572      5.861462585 
      0.189555795     0.5617526256    -0.1642684857       1.57238503      2.429958044      9.702964121      3.798268027     -3.150915879      5.580873922 
     0.1340361881     0.5419071898    -0.1177708506      1.526217691       2.25462616      8.642720286      3.559381165     -3.175630554      5.430256714 
    0.09477789751      0.520168468    -0.1726740083       1.50513728        2.3560934      9.053095846      3.501919735     -2.940471486      5.296564886 
    0.06701809404      0.503634005   -0.09825170699        1.4752023      2.182083453      8.191785123      3.430296927      -3.04468197      5.226765423 
    0.04738894876      0.486908022    -0.1717010103      1.490739696      2.344075212      8.929367562      3.434678961     -2.829320398       5.17339561 
    0.03350904702     0.4641914982     -0.129671737      1.454372438      2.153783827      8.147164234      3.508379461     -2.913049767      5.066833594 
    0.02369447438     0.4529944776    -0.1191626661      1.473219962      2.255100499      8.509638629      3.424160367     -2.792821672      5.047922172 
    0.01675452351     0.4351735193    -0.1529700886      1.469366716      2.077487007       7.75840326      3.442450997     -2.876957794        4.9544448 
    0.01184723719     0.4251114702    -0.1618077636      1.477633577      2.231737532      8.343139709      3.362487298     -2.671529953      4.903267484 
   0.008377261755     0.4160635746    -0.1875270885      1.484578863      2.013284414      7.396867202       3.34355307     -2.841683594      4.854968008 
   0.005923618595     0.4079118941    -0.2110584288      1.489757339      2.249995758      8.412520295      3.350039383     -2.559901883      4.809897641 
   0.004188630877     0.3993362097     -0.232673357      1.492185374      2.062389477      7.630819342      3.377368986     -2.698773499      4.761162976 
   0.002961809297     0.3903673639    -0.2513543683      1.492846434      2.245316411      8.442416959      3.400971172     -2.461394543      4.706710954 
   0.002094315439     0.3817342671    -0.2659353301      1.492652423      2.065509834       7.67031744      3.403986566     -2.585019385      4.650529219 
   0.001480904649     0.3740466432    -0.2768601053      1.492182237      2.209825783      8.275549863      3.392219872      -2.38860394      4.598429723 
   0.001047157719     0.3677743215    -0.2848711636      1.492088721      2.042599365       7.54284704      3.370634874     -2.511572853      4.554172218 
  0.0007404523243     0.3628336549    -0.2905624421      1.491870997      2.174209099      8.075460147      3.348274943     -2.344439082      4.518648181 
  0.0005235788597     0.3592049787    -0.2947481175      1.492084441      2.021690447      7.414151183      3.326918919      -2.47019111      4.491881557 
  0.0003702261622     0.3564918885    -0.2976628234      1.492002055       2.15110549      7.938399433      3.311144604     -2.320769154      4.471874644 
  0.0002617894298     0.3546041328    -0.2998784758      1.492292007       2.00910692      7.333916796      3.297406179      -2.44853183       4.45763875 
  0.0001851130811     0.3531968732    -0.3013614005       1.49223256      2.138438964      7.861909565      3.288988361     -2.308774445      4.447213409 
  0.0001308947149     0.3522570543    -0.3025480958      1.492502431      2.002517334      7.291083359      3.281007684     -2.437518334      4.440035669 
  9.255654054e-05     0.3515339537    -0.3032867561      1.492417212      2.131911882      7.822268508      3.277220234     -2.302807349      4.434719232 
  6.544735746e-05     0.3510799215     -0.303937369       1.49265862      1.999232791      7.269564662      3.272632909     -2.431962975      4.431195766 
  4.627827027e-05     0.3507020336     -0.304289325      1.492542836      2.128618958      7.802317686      3.271299018     -2.299849962       4.42846892 
  3.272367873e-05     0.3504920706    -0.3046634882      1.492759822      1.997618684      7.258950716       3.26847031     -2.429163369      4.426782053 
  2.313913514e-05     0.3502862716    -0.3048079058      1.492618595      2.126966205      7.792329866      3.268344631     -2.298382222      4.425348427 
  1.636183937e-05     0.3501966861    -0.3050357752      1.492816204      1.996816766       7.25356746      3.266290264      -2.42775226      4.424569025 
  1.156956757e-05     0.3500784436    -0.3050658446        1.4926554      2.126139597      7.787329865      3.266860279     -2.297648926      4.423788523 
  8.180919683e-06     0.3500495994    -0.3052093878      1.492837341      1.996418394      7.250929641      3.265243236     -2.427047228      4.423465622 
  5.784783784e-06      0.349974334    -0.3051813763      1.492666269      2.125728505      7.784865312      3.266143635     -2.297280276      4.423008781 
  4.090459841e-06     0.3499757574     -0.305287514      1.492841452      1.996216654      7.249602676      3.264721747     -2.426694231      4.422910885 
  2.892391892e-06     0.3499220377    -0.3052353041       1.49266799      2.125519786      7.783607051      3.265772691     -2.297095037      4.422614822 
  2.045229921e-06     0.3499387589     -0.305323539      1.492841348      1.996112315      7.248920296      3.264455922     -2.426519458      4.422631773 
  1.446195946e-06     0.3498959177     -0.305261795      1.492668677      2.125414159      7.782969121      3.265583773     -2.297003512      4.422417671 
   1.02261496e-06     0.3499203476    -0.3053388673      1.492840009      1.996056235       7.24856177      3.264321277     -2.426436665      4.422492901 
   7.23097973e-07     0.3498830131    -0.3052720242        1.4926678      2.125360914      7.782646186       3.26548717     -2.296959507      4.422320421 
  5.113074802e-07     0.3499113869    -0.3053438306      1.492838669      1.996025693      7.248369633      3.264251067     -2.426399979      4.422425671 
  3.615489865e-07     0.3498768861    -0.3052742185      1.492666879      2.125335364      7.782486644      3.265436236      -2.29693963      4.422274994 
  2.556537401e-07     0.3499072543    -0.3053455622      1.492838931       1.99601197      7.248278965      3.264215181     -2.426383905      4.422395875 
  1.807744932e-07     0.3498741187    -0.3052759963      1.492668018      2.125324483      7.782416548      3.265412391     -2.296931441      4.422255924 
    1.2782687e-07     0.3499053852    -0.3053474411      1.492840469      1.996007302       7.24824552      3.264200369     -2.426376436      4.422383739 
