#               T           <Sz^2>              <Q>            <Q^2>              <E>            <E^2>                C                F                S 
      17.15663207     0.4984768677    -0.0112642536     0.9998700536    0.05834210353   0.004431385478   0.001027584434     -3.406880007       3.46522211 
      12.13157088     0.6226711968   -0.02208357203      1.499428334     0.1352584616    0.02253167331   0.004236821867     -4.714652392      4.849910854 
      8.578316037     0.7447698701 -0.0004384209873      1.990759422     0.4385283076     0.2291745262    0.03686744971     -5.781289283      6.219817591 
      6.065785441     0.7833857071   -0.03667008042      2.151408867      1.371805561      3.089505463      1.207654967      -5.50624844         6.878054 
      4.289158019     0.8309373859   -0.05316732119      2.349935234       1.44800693      3.892873637      1.796149566     -6.066320921      7.514327851 
       3.03289272      0.824986435   -0.02060298233      2.333356795      2.096198444      7.067352365      2.673304448     -5.520292074      7.616490518 
      2.144579009     0.7901882251     -0.179956424      2.239849415      1.748246674      5.737899836      2.681533402     -5.491812195      7.240058869 
       1.51644636     0.8376398472    -0.1873029882      2.450861023      1.997200452      5.934678818      1.945869174     -5.700238785      7.697439237 
      1.072289505     0.8094274653   -0.09035242114      2.336078551      2.489547747      8.806633744      2.608785761     -5.104894076      7.594441823 
     0.7582231801      0.755594595    -0.5119898641      2.408354148      2.544186105      9.371673946      2.898791007     -4.588545822      7.132731927 
     0.5361447523     0.7185294602    -0.4346753834      2.223633251      2.772651151      11.07586265      3.388268241     -4.156527818       6.92917897 
     0.3791115901     0.6367866534    -0.1877428945      1.787769695      2.685522025      11.25341741      4.041388863      -3.55689926      6.242421286 
     0.2680723762     0.5940663351    -0.1508084066      1.653720053      2.478989008      10.08046368      3.935077178     -3.382473642       5.86146265 
      0.189555795     0.5617526255    -0.1642686898      1.572385069      2.429958017      9.702964067      3.798268104     -3.150915831      5.580873848 
     0.1340361881     0.5419072063    -0.1177711229      1.526217792       2.25462602      8.642719442       3.55938095     -3.175630761      5.430256782 
    0.09477789751     0.5201684708    -0.1726741993      1.505137332      2.356093509      9.053096409      3.501919785     -2.940471362      5.296564871 
    0.06701809404     0.5036340508   -0.09825226803      1.475202584      2.182083185      8.191783498       3.43029647     -3.044682639      5.226765825 
    0.04738894876     0.4869079892    -0.1717011143      1.490739622       2.34407597      8.929371657      3.434679502     -2.829319428      5.173395399 
    0.03350904702     0.4641917107    -0.1296720073      1.454373453      2.153783106        8.1471587      3.508377032     -2.913052601      5.066835708 
    0.02369447438     0.4529940829    -0.1191732917      1.473221182      2.255108759      8.509681848      3.424166336      -2.79281072      5.047919478 
    0.01675452351     0.4351728487    -0.1529723694      1.469365368      2.077486213      7.758406791      3.442457826     -2.876953502      4.954439716 
    0.01184723719     0.4251112129    -0.1618090071      1.477634276      2.231738824      8.343146672      3.362488495     -2.671528315      4.903267139 
   0.008377261755     0.4160629624    -0.1875261626      1.484578331      2.013285136      7.396874977      3.343557939     -2.841680838      4.854965974 
   0.005923618595     0.4079114912    -0.2110547296      1.489757195      2.249994223      8.412513092      3.350039089     -2.559903848      4.809898071 
   0.004188630877     0.3993359773    -0.2326684753      1.492185378      2.062382276      7.630786143       3.37736549     -2.698782592      4.761164868 
   0.002961809297     0.3903674195     -0.251349114      1.492846769      2.245316552      8.442411803      3.400965384     -2.461398328       4.70671488 
   0.002094315439     0.3817345414    -0.2659302643      1.492652812      2.065507152      7.670302767      3.403982973      -2.58502762      4.650534772 
   0.001480904649     0.3740470161    -0.2768555844      1.492182478      2.209828582      8.275562111      3.392219748     -2.388607188      4.598435771 
   0.001047157719     0.3677746919    -0.2848672591      1.492088709      2.042599265      7.542848581      3.370636825     -2.511578491      4.554177755 
  0.0007404523243     0.3628339701    -0.2905590975      1.491870731      2.174211816      8.075474672      3.348277652     -2.344440935      4.518652751 
  0.0005235788597     0.3592052255    -0.2947452196      1.492083965      2.021690509      7.414154074       3.32692156     -2.470194576      4.491885085 
  0.0003702261622     0.3564920719    -0.2976602684      1.492001418      2.151107292      7.938409381      3.311146799     -2.320769964      4.471877256 
  0.0002617894298     0.3546042663    -0.2998761728      1.492291257      2.009106648      7.333917386      3.297407865     -2.448533995      4.457640643 
  0.0001851130811     0.3531969683    -0.3013592836       1.49223173      2.138440081      7.861915591      3.288989611      -2.30877468      4.447214761 
  0.0001308947149     0.3522571222    -0.3025461128      1.492501548      2.002516821      7.291082201      3.281008581     -2.437519809       4.44003663 
  9.255654054e-05     0.3515340015    -0.3032848715      1.492416292      2.131912616      7.822272282      3.277220881     -2.302807296      4.434719911 
  6.544735746e-05     0.3510799556    -0.3039355544      1.492657675      1.999232153      7.269562565      3.272633363     -2.431964095      4.431196248 
  4.627827027e-05     0.3507020574     -0.304287562      1.492541874      2.128619493      7.802320292      3.271299346     -2.299849767       4.42846926 
  3.272367873e-05     0.3504920876    -0.3046617617      1.492758849      1.997617986      7.258948152      3.268470535     -2.429164309      4.426782294 
  2.313913514e-05     0.3502862835    -0.3048062058      1.492617614      2.126966639      7.792331882      3.268344798     -2.298381957      4.425348597 
  1.636183937e-05     0.3501966947    -0.3050340937      1.492815218      1.996816039      7.253564673      3.266290377     -2.427753107      4.424569147 
  1.156956757e-05     0.3500784495    -0.3050641756      1.492654409      2.126139982      7.787331586      3.266860365     -2.297648627      4.423788608 
  8.180919683e-06     0.3500496038    -0.3052077271      1.492836348      1.996417654      7.250926741      3.265243293      -2.42704803      4.423465684 
  5.784783784e-06     0.3499743369    -0.3051797211      1.492665273      2.125728865      7.784866887      3.266143681     -2.297279959      4.423008824 
  4.090459841e-06     0.3499757596    -0.3052858626      1.492840454      1.996215906      7.249599718      3.264721776      -2.42669501      4.422910916 
  2.892391892e-06      0.349922039    -0.3052336553       1.49266699      2.125520132      7.783608551      3.265772717     -2.297094711      4.422614843 
  2.045229921e-06     0.3499387601    -0.3053218918      1.492840348      1.996111563      7.248917307      3.264455936     -2.426520226      4.422631788 
  1.446195946e-06     0.3498959183    -0.3052601493      1.492667675      2.125414499      7.782970582      3.265583789     -2.297003181       4.42241768 
   1.02261496e-06     0.3499203482    -0.3053372218      1.492839007       1.99605548      7.248558763      3.264321283     -2.426437428      4.422492908 
   7.23097973e-07     0.3498830133    -0.3052703797      1.492666797      2.125361251      7.782647627       3.26548718     -2.296959175      4.422320426 
  5.113074802e-07     0.3499113873    -0.3053421856      1.492837666      1.996024936      7.248366614      3.264251069     -2.426400739      4.422425676 
  3.615489865e-07     0.3498768861    -0.3052725741      1.492665875      2.125335699      7.782488076      3.265436244     -2.296939297      4.422274996 
  2.556537401e-07     0.3499072546    -0.3053439173      1.492837928      1.996011213      7.248275942      3.264215181     -2.426384666      4.422395878 
  1.807744932e-07     0.3498741187    -0.3052743521      1.492667015      2.125324818      7.782417977      3.265412397     -2.296931108      4.422255925 
    1.2782687e-07     0.3499053855    -0.3053457964      1.492839466      1.996006545      7.248242496      3.264200368     -2.426377196      4.422383741 
