#               T           <Sz^2>              <Q>            <Q^2>              <E>            <E^2>                C                F                S 
      17.15663207     0.4984768677   -0.01126425357     0.9998700536    0.05834210358   0.004431385484   0.001027584434     -3.406880007       3.46522211 
      12.13157088     0.6226711968   -0.02208356919      1.499428334     0.1352584658     0.0225316746   0.004236822023     -4.714652388      4.849910854 
      8.578316037     0.7447698703 -0.0004384296882      1.990759423     0.4385282916     0.2291745085    0.03686744594     -5.781289301      6.219817593 
      6.065785441     0.7833857078   -0.03667007732       2.15140887      1.371805568      3.089505477      1.207654959     -5.506248438      6.878054007 
      4.289158019     0.8309373859   -0.05316731709      2.349935234      1.448006927      3.892873625      1.796149566     -6.066320925      7.514327852 
       3.03289272     0.8249864378   -0.02060299718      2.333356807      2.096198461      7.067352406      2.673304419     -5.520292083      7.616490544 
      2.144579009     0.7901882259    -0.1799563792      2.239849402      1.748246665      5.737899802        2.6815334     -5.491812212      7.240058877 
       1.51644636      0.837639845    -0.1873029485      2.450860999      1.997200496      5.934679024      1.945869203     -5.700238723      7.697439218 
      1.072289505     0.8094274681    -0.0903525361      2.336078583      2.489547821      8.806634196      2.608785842      -5.10489405      7.594441871 
     0.7582231801     0.7555945864     -0.511989665      2.408353912      2.544186104      9.371673943       2.89879101     -4.588545725       7.13273183 
     0.5361447523     0.7185293977     -0.434674816      2.223632512      2.772651127      11.07586294      3.388268672     -4.156527226      6.929178353 
     0.3791115901     0.6367866398    -0.1877429171      1.787769644      2.685521946      11.25341694      4.041388817     -3.556899168      6.242421114 
     0.2680723762     0.5940663405    -0.1508084521      1.653720076      2.478989014      10.08046392      3.935077386     -3.382473686        5.8614627 
      0.189555795     0.5617526256    -0.1642688071      1.572385098      2.429958015       9.70296411      3.798268156      -3.15091581      5.580873825 
     0.1340361881     0.5419072128    -0.1177712169       1.52621783      2.254625974      8.642719166      3.559380881     -3.175630841      5.430256815 
    0.09477789751      0.520168471    -0.1726743141      1.505137366      2.356093547      9.053096634       3.50191983     -2.940471319      5.296564867 
    0.06701809404     0.5036340676   -0.09825248959      1.475202693       2.18208309      8.191782934      3.430296323     -3.044682891      5.226765981 
    0.04738894876     0.4869079731    -0.1717011846      1.490739591      2.344076253      8.929373249      3.434679772     -2.829319036      5.173395289 
    0.03350904702      0.464191814    -0.1296719958      1.454373894      2.153782772      8.147156115      3.508375885     -2.913053935      5.066836708 
    0.02369447438     0.4529938993    -0.1191787988      1.473221851      2.255112696      8.509702474      3.424169204     -2.792805484       5.04791818 
    0.01675452351      0.435172478    -0.1529736954      1.469364531      2.077485886      7.758409361      3.442461753     -2.876950844      4.954436731 
    0.01184723719      0.425111121    -0.1618093107      1.477634545      2.231738621      8.343145825      3.362488553     -2.671528424      4.903267044 
   0.008377261755     0.4160627197     -0.187525525      1.484578065       2.01328544      7.396877909      3.343559644     -2.841679769      4.854965209 
   0.005923618595     0.4079113911    -0.2110527758      1.489757208      2.249992933      8.412506111      3.350037911     -2.559905846       4.80989878 
   0.004188630877     0.3993359931    -0.2326661355      1.492185577      2.062378682      7.630768701      3.377362873      -2.69878786      4.761166542 
   0.002961809297     0.3903675939    -0.2513468032       1.49284723      2.245316594      8.442408603      3.400961994     -2.461401106        4.7067177 
   0.002094315439     0.3817348209    -0.2659282401      1.492653376      2.065506341      7.670297544      3.403981099     -2.585032083      4.650538425 
   0.001480904649     0.3740473264    -0.2768539834      1.492183026      2.209830132      8.275569136      3.392219923     -2.388609454      4.598439586 
   0.001047157719      0.367774976    -0.2848660728      1.492089173      2.042599852      7.542852328      3.370638171     -2.511581317      4.554181169 
  0.0007404523243     0.3628342028    -0.2905582602      1.491871101      2.174213234      8.075482547      3.348279361     -2.344442297      4.518655531 
  0.0005235788597     0.3592054039    -0.2947446495      1.492084253      2.021691114      7.414158144      3.326923184     -2.470196099      4.491887213 
  0.0003702261622     0.3564922033    -0.2976598973      1.492001644      2.151108141      7.938414361      3.311148126     -2.320770685      4.471878826 
  0.0002617894298     0.3546043611    -0.2998759456      1.492291438      2.009107024      7.333919914      3.297408882     -2.448534752      4.457641776 
  0.0001851130811     0.3531970359     -0.301359161      1.492231881      2.138440518      7.861918204      3.288990356     -2.308775052      4.447215569 
  0.0001308947149     0.3522571702    -0.3025460652      1.492501678      2.002517042      7.291083625      3.281009119     -2.437520161      4.440037204 
  9.255654054e-05     0.3515340355    -0.3032848783      1.492416408      2.131912824      7.822273554      3.277221264     -2.302807493      4.434720317 
  6.544735746e-05     0.3510799796    -0.3039356002      1.492657782      1.999232294      7.269563402      3.272633636     -2.431964241      4.431196535 
  4.627827027e-05     0.3507020744    -0.3042876361      1.492541975      2.128619584       7.80232087      3.271299539     -2.299849879      4.428469463 
  3.272367873e-05     0.3504920997    -0.3046618562      1.492758946      1.997618088      7.258948698      3.268470672     -2.429164349      4.426782438 
  2.313913514e-05      0.350286292    -0.3048063149      1.492617708       2.12696667       7.79233211      3.268344894     -2.298382028      4.425348698 
  1.636183937e-05     0.3501967007    -0.3050342134      1.492815311      1.996816124      7.253565077      3.266290445     -2.427753095      4.424569218 
  1.156956757e-05     0.3500784538    -0.3050643021      1.492654501      2.126139983      7.787331639      3.266860413     -2.297648676      4.423788659 
  8.180919683e-06     0.3500496068    -0.3052078584      1.492836438      1.996417729      7.250927075      3.265243327     -2.427047991       4.42346572 
  5.784783784e-06     0.3499743391    -0.3051798554      1.492665361      2.125728851      7.784866854      3.266143705     -2.297279998      4.423008849 
  4.090459841e-06     0.3499757611     -0.305285999      1.492840542      1.996215976      7.249600016      3.264721794     -2.426694957      4.422910933 
  2.892391892e-06     0.3499220401    -0.3052337931      1.492667078      2.125520111      7.783608473       3.26577273     -2.297094744      4.422614856 
  2.045229921e-06     0.3499387608    -0.3053220306      1.492840435       1.99611163      7.248917586      3.264455945     -2.426520167      4.422631797 
  1.446195946e-06     0.3498959188    -0.3052602888      1.492667762      2.125414474      7.782970481      3.265583795     -2.297003213      4.422417687 
   1.02261496e-06     0.3499203486    -0.3053373616      1.492839093      1.996055546      7.248559031      3.264321288     -2.426437366      4.422492912 
   7.23097973e-07     0.3498830135    -0.3052705198      1.492666883      2.125361224      7.782647515      3.265487183     -2.296959205      4.422320429 
  5.113074802e-07     0.3499113875    -0.3053423257      1.492837752      1.996025001      7.248366876      3.264251071     -2.426400676      4.422425678 
  3.615489865e-07     0.3498768863    -0.3052727144      1.492665962      2.125335671      7.782487958      3.265436244     -2.296939326      4.422274997 
  2.556537401e-07     0.3499072547    -0.3053440575      1.492838014      1.996011277      7.248276201      3.264215181     -2.426384602       4.42239588 
  1.807744932e-07     0.3498741188    -0.3052744925      1.492667101      2.125324789      7.782417857      3.265412397     -2.296931137      4.422255926 
    1.2782687e-07     0.3499053856    -0.3053459367      1.492839552       1.99600661      7.248242754      3.264200368     -2.426377133      4.422383742 
