#               T           <Sz^2>              <Q>            <Q^2>              <E>            <E^2>                C                F                S 
      17.15663207     0.4984768677   -0.01126425464     0.9998700536    0.05834210356   0.004431385507   0.001027584459     -3.406880007       3.46522211 
      12.13157088     0.6226711968    -0.0220835709      1.499428334     0.1352584682    0.02253167545   0.004236822217     -4.714652385      4.849910854 
      8.578316037     0.7447698704 -0.0004384320914      1.990759423     0.4385282868     0.2291745033    0.03686744499     -5.781289306      6.219817593 
      6.065785441     0.7833857088   -0.03667008012      2.151408874      1.371805576      3.089505488      1.207654949      -5.50624844      6.878054016 
      4.289158019     0.8309373859    -0.0531673218      2.349935234       1.44800693      3.892873636      1.796149567     -6.066320921      7.514327851 
       3.03289272      0.824986441   -0.02060300192       2.33335682      2.096198467      7.067352394      2.673304382     -5.520292107      7.616490574 
      2.144579009     0.7901882259    -0.1799563817      2.239849402      1.748246676      5.737899847      2.681533406     -5.491812202      7.240058879 
       1.51644636     0.8376398426    -0.1873029398      2.450860986      1.997200528      5.934679186      1.945869236      -5.70023867      7.697439198 
      1.072289505     0.8094274723   -0.09035259155       2.33607861      2.489547855      8.806634373       2.60878585     -5.104894066      7.594441921 
     0.7582231801     0.7555945804    -0.5119896001      2.408353822      2.544186111      9.371674023      2.898791054     -4.588545659       7.13273177 
     0.5361447523     0.7185293646    -0.4346745555      2.223632155      2.772651096      11.07586299       3.38826889     -4.156526929      6.929178026 
     0.3791115901     0.6367866333    -0.1877429482      1.787769628      2.685521902      11.25341666      4.041388775     -3.556899128       6.24242103 
     0.2680723762     0.5940663438      -0.15080847       1.65372009      2.478989023      10.08046405      3.935077477     -3.382473711      5.861462734 
      0.189555795     0.5617526259    -0.1642688704      1.572385117       2.42995802      9.702964167      3.798268187     -3.150915804      5.580873824 
     0.1340361881     0.5419072146    -0.1177712371      1.526217841      2.254625969      8.642719132      3.559380874      -3.17563086      5.430256829 
    0.09477789751     0.5201684709    -0.1726743751      1.505137387      2.356093552      9.053096684      3.501919856     -2.940471319      5.296564871 
    0.06701809404     0.5036340719   -0.09825257072      1.475202728      2.182083071      8.191782834      3.430296304     -3.044682956      5.226766027 
    0.04738894876     0.4869079674    -0.1717012039      1.490739576      2.344076314      8.929373645      3.434679878     -2.829318932      5.173395247 
    0.03350904702     0.4641918641      -0.12967194      1.454374081      2.153782629      8.147154965      3.508375351     -2.913054539      5.066837168 
    0.02369447438      0.452993817     -0.119181598      1.473222202      2.255114511      8.509712004      3.424170547     -2.792803044      5.047917555 
    0.01675452351     0.4351722814    -0.1529744751      1.469364043      2.077485759      7.758410991      3.442463911     -2.876949278      4.954435038 
    0.01184723719     0.4251110968    -0.1618093142      1.477634624      2.231738088      8.343143193        3.3624883     -2.671528929      4.903267017 
   0.008377261755     0.4160626373    -0.1875251636      1.484577937      2.013285553      7.396878806      3.343560089     -2.841679405      4.854964958 
   0.005923618595     0.4079113947    -0.2110518092      1.489757249      2.249992051       8.41250107      3.350036839     -2.559907295      4.809899346 
   0.004188630877     0.3993360674     -0.232665095      1.492185771      2.062377005      7.630760094      3.377361185     -2.698790685      4.761167689 
   0.002961809297     0.3903677501    -0.2513458848      1.492847596      2.245316598       8.44240676      3.400960133     -2.461402855      4.706719453 
   0.002094315439     0.3817350243    -0.2659275549       1.49265383      2.065506247      7.670296233      3.403980178     -2.585034333       4.65054058 
   0.001480904649      0.374047534    -0.2768535734        1.4921835      2.209830939      8.275572923      3.392220144     -2.388610832      4.598441771 
   0.001047157719     0.3677751581    -0.2848659103      1.492089627      2.042600457      7.542855636      3.370639007     -2.511582627      4.554183085 
  0.0007404523243     0.3628343483    -0.2905582948      1.491871526      2.174213924      8.075486532      3.348280347     -2.344443145      4.518657069 
  0.0005235788597     0.3592055139    -0.2947448295      1.492084651      2.021691684      7.414161361      3.326924096     -2.470196696       4.49188838 
  0.0003702261622     0.3564922837    -0.2976601826      1.492002022      2.151108506      7.938416663      3.311148857     -2.320771174      4.471879681 
  0.0002617894298     0.3546044189    -0.2998763059      1.492291801      2.009107454      7.333922202      3.297409438     -2.448534936      4.457642391 
  0.0001851130811      0.353197077    -0.3013595751      1.492232234      2.138440657      7.861919205       3.28899076      -2.30877535      4.447216007 
  0.0001308947149     0.3522571993    -0.3025465177      1.492502025      2.002517384      7.291085284      3.281009411      -2.43752013      4.440037514 
  9.255654054e-05     0.3515340561    -0.3032853584       1.49241675       2.13191284      7.822273828       3.27722147     -2.302807696      4.434720537 
  6.544735746e-05     0.3510799941    -0.3039361002      1.492658122       1.99923259      7.269564733      3.272633784       -2.4319641       4.43119669 
  4.627827027e-05     0.3507020847    -0.3042881506      1.492542314      2.128619536      7.802320772      3.271299641     -2.299850036      4.428469572 
  3.272367873e-05     0.3504921069    -0.3046623812      1.492759284      1.997618362      7.258949868      3.268470747     -2.429164152      4.426782515 
  2.313913514e-05     0.3502862971    -0.3048068474      1.492618045      2.126966591      7.792331822      3.268344944     -2.298382162      4.425348752 
  1.636183937e-05     0.3501967042    -0.3050347515      1.492815647      1.996816387      7.253566166      3.266290482     -2.427752869      4.424569256 
  1.156956757e-05     0.3500784563    -0.3050648438      1.492654837      2.126139887      7.787331256      3.266860437     -2.297648798      4.423788685 
  8.180919683e-06     0.3500496085    -0.3052084027      1.492836774      1.996417987      7.250928123      3.265243346     -2.427047751      4.423465737 
  5.784783784e-06     0.3499743403    -0.3051804011      1.492665697      2.125728747      7.784866422      3.266143716     -2.297280115      4.423008862 
  4.090459841e-06     0.3499757618     -0.305286546      1.492840878      1.996216231      7.249601045      3.264721803      -2.42669471      4.422910941 
  2.892391892e-06     0.3499220406    -0.3052343407      1.492667413      2.125520003      7.783608018      3.265772734     -2.297094858      4.422614861 
  2.045229921e-06     0.3499387611    -0.3053225788       1.49284077      1.996111884      7.248918603      3.264455949     -2.426519916        4.4226318 
  1.446195946e-06      0.349895919    -0.3052608374      1.492668097      2.125414364      7.782970014      3.265583796     -2.297003325      4.422417688 
   1.02261496e-06     0.3499203486    -0.3053379103      1.492839428      1.996055799      7.248560043       3.26432129     -2.426437114      4.422492913 
   7.23097973e-07     0.3498830136    -0.3052710687      1.492667218      2.125361113      7.782647041      3.265487182     -2.296959316      4.422320429 
  5.113074802e-07     0.3499113874    -0.3053428747      1.492838087      1.996025254      7.248367884      3.264251072     -2.426400423      4.422425677 
  3.615489865e-07     0.3498768863    -0.3052732634      1.492666297      2.125335559      7.782487481      3.265436243     -2.296939438      4.422274997 
  2.556537401e-07     0.3499072546    -0.3053446065      1.492838348       1.99601153      7.248277208      3.264215181     -2.426384349      4.422395878 
  1.807744932e-07     0.3498741188    -0.3052750416      1.492667436      2.125324677      7.782417378      3.265412394     -2.296931248      4.422255926 
    1.2782687e-07     0.3499053855    -0.3053464858      1.492839887      1.996006862      7.248243761      3.264200368     -2.426376879      4.422383741 
