#               T           <Sz^2>              <Q>            <Q^2>              <E>            <E^2>                C                F                S 
      17.15663207     0.4984768677    -0.0112642557     0.9998700536    0.05834210354   0.004431385529   0.001027584483     -3.406880007       3.46522211 
      12.13157088     0.6226711967   -0.02208357333      1.499428334     0.1352584696    0.02253167596   0.004236822369     -4.714652384      4.849910854 
      8.578316037     0.7447698703 -0.0004384321116      1.990759423     0.4385282862     0.2291745028    0.03686744504     -5.781289307      6.219817593 
      6.065785441     0.7833857096   -0.03667008366      2.151408878      1.371805582      3.089505495       1.20765494     -5.506248441      6.878054023 
      4.289158019     0.8309373858    -0.0531673275      2.349935235      1.448006934      3.892873649      1.796149569     -6.066320917      7.514327851 
       3.03289272     0.8249864436   -0.02060300253       2.33335683      2.096198468       7.06735237      2.673304352     -5.520292128      7.616490596 
      2.144579009     0.7901882257    -0.1799563958      2.239849407       1.74824669      5.737899901      2.681533413     -5.491812188      7.240058878 
       1.51644636     0.8376398408    -0.1873029414      2.450860979      1.997200549      5.934679294       1.94586926     -5.700238633      7.697439182 
      1.072289505     0.8094274758   -0.09035261663      2.336078628      2.489547869      8.806634431      2.608785838     -5.104894089      7.594441958 
     0.7582231801     0.7555945767    -0.5119895875      2.408353794      2.544186118      9.371674101      2.898791096     -4.588545618      7.132731736 
     0.5361447523     0.7185293481    -0.4346744437      2.223631992      2.772651072      11.07586296      3.388268994     -4.156526788      6.929177861 
     0.3791115901     0.6367866305    -0.1877429725      1.787769626       2.68552188      11.25341651      4.041388745     -3.556899112      6.242420992 
     0.2680723762     0.5940663456    -0.1508084743      1.653720097       2.47898903      10.08046412      3.935077514     -3.382473725      5.861462755 
      0.189555795     0.5617526261    -0.1642689013      1.572385128      2.429958026      9.702964213      3.798268204     -3.150915803       5.58087383 
     0.1340361881     0.5419072146    -0.1177712315      1.526217841      2.254625977       8.64271918      3.559380885     -3.175630857      5.430256833 
    0.09477789751      0.520168471    -0.1726744024      1.505137399      2.356093546      9.053096666      3.501919868     -2.940471333      5.296564879 
    0.06701809404     0.5036340716   -0.09825259691      1.475202734      2.182083079      8.191782889      3.430296325     -3.044682953      5.226766032 
    0.04738894876     0.4869079662    -0.1717011946      1.490739567      2.344076297      8.929373595      3.434679907     -2.829318938      5.173395236 
    0.03350904702     0.4641918885    -0.1296718945       1.45437416      2.153782573      8.147154473      3.508375103     -2.913054805      5.066837377 
    0.02369447438     0.4529937809    -0.1191830068       1.47322238      2.255115333      8.509716334      3.424171169     -2.792801918      5.047917251 
    0.01675452351     0.4351721791    -0.1529749253      1.469363767      2.077485715      7.758411964      3.442465069     -2.876948383      4.954434098 
    0.01184723719     0.4251110953    -0.1618092537      1.477634632      2.231737615      8.343140826      3.362488043     -2.671529385         4.903267 
   0.008377261755     0.4160626156      -0.18752497       1.48457787      2.013285586      7.396878965      3.343560115     -2.841679296      4.854964882 
   0.005923618595     0.4079114223    -0.2110513462      1.489757281      2.249991495       8.41249781      3.350036081     -2.559908216      4.809899711 
   0.004188630877     0.3993361356    -0.2326646502      1.492185904      2.062376234      7.630755905      3.377360173     -2.698792151      4.761168385 
   0.002961809297     0.3903678601    -0.2513455519      1.492847835      2.245316581      8.442405677       3.40095913     -2.461403885      4.706720466 
   0.002094315439     0.3817351551      -0.26592738      1.492654132      2.065506344      7.670296178       3.40397972     -2.585035443      4.650541788 
   0.001480904649     0.3740476619    -0.2768535652      1.492183828      2.209831343      8.275574868      3.392220302      -2.38861163      4.598442973 
   0.001047157719     0.3677752676     -0.284866044      1.492089958      2.042600905      7.542857943      3.370639486     -2.511583221      4.554184126 
  0.0007404523243     0.3628344347    -0.2905585369      1.491871854      2.174214251      8.075488501      3.348280889     -2.344443647      4.518657899 
  0.0005235788597     0.3592055787    -0.2947451495      1.492084973      2.021692098      7.414163529      3.326924591     -2.470196908      4.491889006 
  0.0003702261622     0.3564923309    -0.2976605578      1.492002339      2.151108657      7.938417704       3.31114925     -2.320771481      4.471880138 
  0.0002617894298     0.3546044527    -0.2998767199      1.492292116      2.009107788      7.333923842      3.297409737     -2.448534931      4.457642719 
  0.0001851130811     0.3531971011    -0.3013600164      1.492232547      2.138440687      7.861919548      3.288990975     -2.308775554      4.447216241 
  0.0001308947149     0.3522572163    -0.3025469785      1.492502336      2.002517668      7.291086578      3.281009567     -2.437520011      4.440037679 
  9.255654054e-05     0.3515340682    -0.3032858329      1.492417061      2.131912805      7.822273785      3.277221579     -2.302807849      4.434720654 
  6.544735746e-05     0.3510800026    -0.3039365846      1.492658433      1.999232849      7.269565847      3.272633863     -2.431963924      4.431196773 
  4.627827027e-05     0.3507020908    -0.3042886418      1.492542625      2.128619467      7.802320531      3.271299695     -2.299850164      4.428469631 
  3.272367873e-05     0.3504921112    -0.3046628775      1.492759595      1.997618609      7.258950893      3.268470787     -2.429163948      4.426782556 
  2.313913514e-05     0.3502863002    -0.3048073469      1.492618356      2.126966505      7.792331483       3.26834497     -2.298382278      4.425348783 
  1.636183937e-05     0.3501967064    -0.3050352534      1.492815958      1.996816627      7.253567145      3.266290502      -2.42775265      4.424569278 
  1.156956757e-05      0.350078458    -0.3050653471      1.492655148      2.126139793      7.787330869      3.266860449     -2.297648909      4.423788702 
  8.180919683e-06     0.3500496097    -0.3052089072      1.492837084      1.996418224      7.250929083      3.265243356     -2.427047525      4.423465749 
  5.784783784e-06     0.3499743412    -0.3051809061      1.492666008      2.125728649      7.784866012      3.266143722     -2.297280222      4.423008871 
  4.090459841e-06     0.3499757625    -0.3052870516      1.492841188      1.996216467      7.249601993      3.264721809     -2.426694481      4.422910948 
  2.892391892e-06     0.3499220412    -0.3052348465      1.492667723      2.125519903      7.783607595      3.265772737     -2.297094964      4.422614867 
  2.045229921e-06     0.3499387615     -0.305323085       1.49284108      1.996112119      7.248919546      3.264455953     -2.426519685      4.422631804 
  1.446195946e-06     0.3498959194    -0.3052613435      1.492668407      2.125414263      7.782969585      3.265583797      -2.29700343      4.422417692 
   1.02261496e-06     0.3499203489    -0.3053384167      1.492839738      1.996056034      7.248560982      3.264321292     -2.426436882      4.422492916 
   7.23097973e-07     0.3498830139     -0.305271575      1.492667529      2.125361011      7.782646609      3.265487182     -2.296959421      4.422320432 
  5.113074802e-07     0.3499113876     -0.305343381      1.492838396      1.996025488      7.248368822      3.264251073     -2.426400191      4.422425679 
  3.615489865e-07     0.3498768866    -0.3052737697      1.492666607      2.125335457      7.782487047      3.265436242     -2.296939542      4.422274999 
  2.556537401e-07     0.3499072548    -0.3053451129      1.492838658      1.996011764      7.248278144      3.264215183     -2.426384117      4.422395881 
  1.807744932e-07     0.3498741191    -0.3052755478      1.492667746      2.125324575      7.782416944      3.265412394     -2.296931353      4.422255928 
    1.2782687e-07     0.3499053857    -0.3053469921      1.492840197      1.996007096      7.248244697      3.264200369     -2.426376647      4.422383743 
