#               T           <Sz^2>              <Q>            <Q^2>              <E>            <E^2>                C                F                S 
      17.15663207     0.4984768677   -0.01126425645     0.9998700536    0.05834210352   0.004431385543     0.0010275845     -3.406880007       3.46522211 
      12.13157088     0.6226711967   -0.02208357525      1.499428334     0.1352584703    0.02253167624   0.004236822467     -4.714652383      4.849910854 
      8.578316037     0.7447698703 -0.0004384314971      1.990759423     0.4385282868     0.2291745036    0.03686744533     -5.781289306      6.219817593 
      6.065785441     0.7833857101   -0.03667008637       2.15140888      1.371805586      3.089505499      1.207654934     -5.506248443      6.878054028 
      4.289158019     0.8309373857   -0.05316733179      2.349935235      1.448006937       3.89287366       1.79614957     -6.066320913       7.51432785 
       3.03289272     0.8249864452   -0.02060300187      2.333356836      2.096198468      7.067352351      2.673304333     -5.520292143      7.616490611 
      2.144579009     0.7901882255    -0.1799564089      2.239849411        1.7482467      5.737899942      2.681533419     -5.491812177      7.240058877 
       1.51644636     0.8376398396    -0.1873029451      2.450860976      1.997200562      5.934679359      1.945869276     -5.700238611      7.697439173 
      1.072289505     0.8094274781   -0.09035262721      2.336078639      2.489547875      8.806634444      2.608785824     -5.104894107      7.594441982 
     0.7582231801     0.7555945746    -0.5119895911       2.40835379      2.544186123      9.371674156      2.898791126     -4.588545595      7.132731718 
     0.5361447523     0.7185293403    -0.4346743996      2.223631922      2.772651056      11.07586292       3.38826904     -4.156526726      6.929177782 
     0.3791115901     0.6367866294    -0.1877429881      1.787769627       2.68552187      11.25341644      4.041388726     -3.556899106      6.242420976 
     0.2680723762     0.5940663466    -0.1508084734        1.6537201      2.478989035      10.08046416      3.935077528     -3.382473732      5.861462767 
      0.189555795     0.5617526264    -0.1642689148      1.572385135      2.429958031      9.702964243      3.798268212     -3.150915805      5.580873836 
     0.1340361881      0.541907214    -0.1177712206      1.526217838      2.254625986      8.642719239        3.5593809     -3.175630848      5.430256834 
    0.09477789751     0.5201684711    -0.1726744118      1.505137405      2.356093538      9.053096631      3.501919872     -2.940471349      5.296564887 
    0.06701809404     0.5036340703   -0.09825260416      1.475202732      2.182083092      8.191782971      3.430296351     -3.044682934      5.226766026 
    0.04738894876     0.4869079667     -0.171701176      1.490739561      2.344076263      8.929373436      3.434679907     -2.829318973      5.173395236 
    0.03350904702     0.4641919005    -0.1296718666      1.454374192      2.153782552      8.147154267      3.508374985     -2.913054919      5.066837472 
    0.02369447438     0.4529937652    -0.1191837137      1.473222469      2.255115705      8.509718298      3.424171456     -2.792801396      5.047917101 
    0.01675452351     0.4351721264    -0.1529751813      1.469363613      2.077485702      7.758412523      3.442465682     -2.876947881      4.954433583 
    0.01184723719     0.4251110992       -0.1618092      1.477634619      2.231737287      8.343139178      3.362487861     -2.671529695      4.903266982 
   0.008377261755     0.4160626134    -0.1875248696       1.48457783       2.01328559      7.396878908      3.343560041     -2.841679269      4.854964859 
   0.005923618595     0.4079114472     -0.211051129      1.489757297      2.249991164      8.412495844      3.350035605     -2.559908755       4.80989992 
   0.004188630877      0.399336183    -0.2326644652      1.492185981      2.062375882      7.630753873      3.377359595     -2.698792892      4.761168774 
   0.002961809297     0.3903679286    -0.2513454454      1.492847975      2.245316556      8.442405032      3.400958596     -2.461404463      4.706721019 
   0.002094315439     0.3817352329    -0.2659273702      1.492654312      2.065506454      7.670296395      3.403979486     -2.585035983      4.650542437 
   0.001480904649     0.3740477362    -0.2768536514       1.49218403      2.209831539      8.275575824      3.392220392     -2.388612075      4.598443614 
   0.001047157719     0.3677753305    -0.2848662092      1.492090169      2.042601191      7.542859369      3.370639743     -2.511583487      4.554184679 
  0.0007404523243     0.3628344841    -0.2905587609      1.491872069      2.174214405      8.075489455      3.348281177     -2.344443933      4.518658337 
  0.0005235788597     0.3592056156    -0.2947454149       1.49208519      2.021692363      7.414164862      3.326924853     -2.470196974      4.491889336 
  0.0003702261622     0.3564923577     -0.297660852      1.492002557      2.151108717      7.938418169      3.311149457     -2.320771663       4.47188038 
  0.0002617894298     0.3546044719    -0.2998770341      1.492292334      2.009108009      7.333924888      3.297409895     -2.448534883      4.457642892 
  0.0001851130811     0.3531971148    -0.3013603446      1.492232765      2.138440684      7.861919646      3.288991089     -2.308775681      4.447216364 
  0.0001308947149      0.352257226    -0.3025473166      1.492502555      2.002517862      7.291087437       3.28100965     -2.437519905      4.440037766 
  9.255654054e-05      0.351534075     -0.303286178      1.492417281      2.131912767       7.82227368      3.277221636     -2.302807949      4.434720716 
  6.544735746e-05     0.3510800075    -0.3039369347      1.492658653      1.999233029      7.269566609      3.272633905     -2.431963787      4.431196816 
  4.627827027e-05     0.3507020942    -0.3042889955      1.492542845      2.128619411      7.802320322      3.271299723     -2.299850251      4.428469662 
  3.272367873e-05     0.3504921136    -0.3046632338      1.492759815      1.997618782      7.258951608      3.268470809     -2.429163796      4.426782578 
  2.313913514e-05      0.350286302     -0.304807705      1.492618577       2.12696644      7.792331221      3.268344983     -2.298382358      4.425348798 
  1.636183937e-05     0.3501967077    -0.3050356129      1.492816179      1.996816798      7.253567836      3.266290512     -2.427752491      4.424569289 
  1.156956757e-05     0.3500784589    -0.3050657074      1.492655369      2.126139724      7.787330581      3.266860455     -2.297648986       4.42378871 
  8.180919683e-06     0.3500496103    -0.3052092682      1.492837306      1.996418393      7.250929762      3.265243362     -2.427047362      4.423465755 
  5.784783784e-06     0.3499743417    -0.3051812674      1.492666229      2.125728578      7.784865713      3.266143725     -2.297280298      4.423008876 
  4.090459841e-06     0.3499757628    -0.3052874133      1.492841409      1.996216635      7.249602667      3.264721812     -2.426694316      4.422910952 
  2.892391892e-06     0.3499220415    -0.3052352082      1.492667945      2.125519831      7.783607289      3.265772737     -2.297095039       4.42261487 
  2.045229921e-06     0.3499387616    -0.3053234469      1.492841302      1.996112287      7.248920216      3.264455955     -2.426519519      4.422631806 
  1.446195946e-06     0.3498959196    -0.3052617055      1.492668629       2.12541419      7.782969276      3.265583797     -2.297003504      4.422417694 
   1.02261496e-06      0.349920349    -0.3053387787      1.492839959      1.996056201      7.248561651      3.264321293     -2.426436716      4.422492917 
   7.23097973e-07      0.349883014     -0.305271937       1.49266775      2.125360938      7.782646298      3.265487181     -2.296959495      4.422320433 
  5.113074802e-07     0.3499113877    -0.3053437431      1.492838618      1.996025655       7.24836949      3.264251074     -2.426400025       4.42242568 
  3.615489865e-07     0.3498768867    -0.3052741317      1.492666828      2.125335384      7.782486735      3.265436241     -2.296939617         4.422275 
  2.556537401e-07     0.3499072549    -0.3053454749       1.49283888      1.996011931      7.248278811      3.264215183     -2.426383951      4.422395881 
  1.807744932e-07     0.3498741192    -0.3052759099      1.492667967      2.125324502      7.782416632      3.265412393     -2.296931427      4.422255929 
    1.2782687e-07     0.3499053857    -0.3053473542      1.492840418      1.996007263      7.248245364       3.26420037     -2.426376481      4.422383744 
