#               T           <Sz^2>              <Q>            <Q^2>              <E>            <E^2>                C                F                S 
      17.15663207     0.4984768677    -0.0112642569     0.9998700536     0.0583421035   0.004431385551    0.00102758451     -3.406880007       3.46522211 
      12.13157088     0.6226711967   -0.02208357646      1.499428334     0.1352584706    0.02253167639   0.004236822523     -4.714652383      4.849910854 
      8.578316037     0.7447698703 -0.0004384308726      1.990759423     0.4385282875     0.2291745045    0.03686744559     -5.781289305      6.219817593 
      6.065785441     0.7833857105   -0.03667008804      2.151408881      1.371805588      3.089505501      1.207654931     -5.506248444      6.878054031 
      4.289158019     0.8309373857   -0.05316733442      2.349935235      1.448006939      3.892873667       1.79614957      -6.06632091       7.51432785 
       3.03289272     0.8249864461   -0.02060300101       2.33335684      2.096198468      7.067352338      2.673304322     -5.520292152       7.61649062 
      2.144579009     0.7901882254    -0.1799564177      2.239849413      1.748246706      5.737899967      2.681533422      -5.49181217      7.240058876 
       1.51644636     0.8376398389     -0.187302948      2.450860975      1.997200568      5.934679394      1.945869285     -5.700238599      7.697439167 
      1.072289505     0.8094274795   -0.09035263115      2.336078645      2.489547877      8.806634443      2.608785813     -5.104894119      7.594441996 
     0.7582231801     0.7555945734    -0.5119895971      2.408353791      2.544186126      9.371674188      2.898791145     -4.588545583      7.132731708 
     0.5361447523     0.7185293368    -0.4346743837      2.223631895      2.772651047      11.07586289      3.388269059       -4.1565267      6.929177747 
     0.3791115901      0.636786629    -0.1877429966      1.787769629      2.685521866      11.25341641      4.041388716     -3.556899105       6.24242097 
     0.2680723762     0.5940663471    -0.1508084707      1.653720102      2.478989038      10.08046418      3.935077532     -3.382473735      5.861462773 
      0.189555795     0.5617526265    -0.1642689196      1.572385138      2.429958034      9.702964262      3.798268216     -3.150915807      5.580873841 
     0.1340361881     0.5419072134     -0.117771211      1.526217835      2.254625994      8.642719286      3.559380911     -3.175630839      5.430256834 
    0.09477789751     0.5201684713    -0.1726744128      1.505137408      2.356093531        9.0530966      3.501919873     -2.940471362      5.296564893 
    0.06701809404      0.503634069   -0.09825260554      1.475202728      2.182083103      8.191783037       3.43029637     -3.044682915      5.226766018 
    0.04738894876     0.4869079674    -0.1717011575      1.490739557      2.344076234      8.929373292        3.4346799     -2.829319005       5.17339524 
    0.03350904702     0.4641919066    -0.1296718514      1.454374207      2.153782546      8.147154181      3.508374926      -2.91305497      5.066837515 
    0.02369447438     0.4529937583    -0.1191840691      1.473222513      2.255115877       8.50971921      3.424171592     -2.792801147      5.047917024 
    0.01675452351     0.4351720993    -0.1529753248       1.46936353        2.0774857      7.758412838      3.442466006     -2.876947604      4.954433304 
    0.01184723719     0.4251111027    -0.1618091647      1.477634603      2.231737085      8.343138168      3.362487751     -2.671529879      4.903266964 
   0.008377261755     0.4160626154    -0.1875248179      1.484577806      2.013285585      7.396878818       3.34355997     -2.841679262      4.854964848 
   0.005923618595     0.4079114638    -0.2110510273      1.489757303      2.249990975      8.412494718      3.350035329     -2.559909052      4.809900027 
   0.004188630877     0.3993362115    -0.2326643881      1.492186021      2.062375719      7.630752884      3.377359278     -2.698793259      4.761168977 
   0.002961809297     0.3903679678    -0.2513454164       1.49284805      2.245316534      8.442404653      3.400958316     -2.461404773      4.706721307 
   0.002094315439     0.3817352764    -0.2659273967      1.492654412       2.06550653       7.67029659      3.403979365     -2.585036243      4.650542773 
   0.001480904649     0.3740477772    -0.2768537309      1.492184144      2.209831631      8.275576276      3.392220437     -2.388612313      4.598443945 
   0.001047157719      0.367775365    -0.2848663314      1.492090291      2.042601357      7.542860179      3.370639874     -2.511583606      4.554184963 
  0.0007404523243     0.3628345111    -0.2905589144      1.491872196      2.174214476       8.07548991      3.348281323     -2.344444088      4.518658564 
  0.0005235788597     0.3592056358    -0.2947455901       1.49208532      2.021692518      7.414165623      3.326924987      -2.47019699      4.491889507 
  0.0003702261622     0.3564923724    -0.2976610421      1.492002689       2.15110874      7.938418376      3.311149563     -2.320771765      4.471880505 
  0.0002617894298     0.3546044824    -0.2998772345      1.492292467      2.009108141      7.333925501      3.297409977     -2.448534841      4.457642982 
  0.0001851130811     0.3531971223    -0.3013605521        1.4922329      2.138440674      7.861919664      3.288991147     -2.308775754      4.447216428 
  0.0001308947149     0.3522572312    -0.3025475291       1.49250269       2.00251798      7.291087951      3.281009693     -2.437519832      4.440037811 
  9.255654054e-05     0.3515340788     -0.303286394      1.492417417      2.131912739      7.822273593      3.277221665     -2.302808009      4.434720748 
  6.544735746e-05     0.3510800101    -0.3039371533      1.492658789      1.999233139      7.269567072      3.272633927     -2.431963699      4.431196839 
  4.627827027e-05     0.3507020961    -0.3042892159      1.492542982      2.128619375      7.802320181      3.271299738     -2.299850303      4.428469678 
  3.272367873e-05     0.3504921149    -0.3046634556      1.492759952      1.997618889      7.258952046       3.26847082       -2.4291637       4.42678259 
  2.313913514e-05      0.350286303    -0.3048079277      1.492618714      2.126966399      7.792331053       3.26834499     -2.298382407      4.425348806 
  1.636183937e-05     0.3501967083    -0.3050358364      1.492816316      1.996816903      7.253568262      3.266290518     -2.427752392      4.424569295 
  1.156956757e-05     0.3500784594    -0.3050659313      1.492655507      2.126139681        7.7873304      3.266860458     -2.297649034      4.423788715 
  8.180919683e-06     0.3500496106    -0.3052094924      1.492837443      1.996418498      7.250930182      3.265243364     -2.427047261      4.423465758 
  5.784783784e-06      0.349974342    -0.3051814918      1.492666367      2.125728534      7.784865525      3.266143726     -2.297280344      4.423008878 
  4.090459841e-06      0.349975763    -0.3052876379      1.492841547      1.996216739      7.249603084      3.264721813     -2.426694214      4.422910953 
  2.892391892e-06     0.3499220416    -0.3052354329      1.492668082      2.125519786      7.783607098      3.265772738     -2.297095085      4.422614871 
  2.045229921e-06     0.3499387617    -0.3053236717      1.492841439      1.996112391      7.248920632      3.264455955     -2.426519416      4.422631807 
  1.446195946e-06     0.3498959197    -0.3052619303      1.492668766      2.125414145      7.782969083      3.265583797      -2.29700355      4.422417695 
   1.02261496e-06      0.349920349    -0.3053390035      1.492840097      1.996056305      7.248562065      3.264321293     -2.426436613      4.422492918 
   7.23097973e-07     0.3498830141    -0.3052721619      1.492667887      2.125360892      7.782646104      3.265487181     -2.296959541      4.422320434 
  5.113074802e-07     0.3499113877     -0.305343968      1.492838755      1.996025759      7.248369904      3.264251074     -2.426399922       4.42242568 
  3.615489865e-07     0.3498768867    -0.3052743565      1.492666966      2.125335338      7.782486541      3.265436241     -2.296939663      4.422275001 
  2.556537401e-07     0.3499072549    -0.3053456998      1.492839017      1.996012035      7.248279225      3.264215183     -2.426383847      4.422395882 
  1.807744932e-07     0.3498741192    -0.3052761347      1.492668105      2.125324456      7.782416437      3.265412392     -2.296931473       4.42225593 
    1.2782687e-07     0.3499053857    -0.3053475791      1.492840556      1.996007367      7.248245778       3.26420037     -2.426376377      4.422383744 
