#               T           <Sz^2>              <Q>            <Q^2>              <E>            <E^2>                C                F                S 
      17.15663207     0.4984772958   -0.01095375139      0.999864884    0.05834834753   0.004425200599   0.001020670939     -3.406877222      3.465225569 
      12.13157088     0.6226790578   -0.02145852488       1.49943261     0.1333711037    0.02189880354    0.00411095225     -4.716602759      4.849973863 
      8.578316037     0.7447168161  0.0005019986524      1.990547401     0.4426809018     0.2336771197    0.03771073889     -5.776711268       6.21939217 
      6.065785441     0.7826167743   -0.03625562077      2.148303289      1.367561749      3.086228885      1.216003748     -5.503396062      6.870957811 
      4.289158019      0.830980778   -0.04890109068      2.349674408      1.446963395       3.88906439      1.795361324     -6.067693835       7.51465723 
       3.03289272     0.8223218911   -0.02301319574      2.322806663      2.091336086      7.077448932      2.703762306     -5.500947304       7.59228339 
      2.144579009     0.7904418015    -0.1734861184      2.238596133      1.735703495      5.687103168      2.674436546     -5.505787059      7.241490554 
       1.51644636     0.8383525359    -0.1836048389      2.452356655      1.987660949      5.887962531      1.937166484     -5.715995615      7.703656564 
      1.072289505     0.8056695371    -0.1124631922      2.325614035      2.478054814      8.778403008      2.637647348     -5.079203466       7.55725828 
     0.7582231801     0.7557356506    -0.5299666053       2.42836341      2.523239965      9.204385718      2.837645795     -4.599685831      7.122925796 
     0.5361447523     0.7244250686    -0.4846319046      2.292781019      2.775112287       11.0203954      3.319147199     -4.207263294       6.98237558 
     0.3791115901     0.6393218242    -0.1859426407      1.798052381      2.697408415      11.32768602      4.051673859     -3.576618762      6.274027177 
     0.2680723762     0.5938505548    -0.1502252962      1.651021593      2.493169191      10.16720066      3.951308046     -3.366794378      5.859963569 
      0.189555795     0.5617900971    -0.1443063605      1.564778132      2.420763607      9.666154089      3.806057647     -3.157847183       5.57861079 
     0.1340361881     0.5412767642    -0.1218573899      1.520653824      2.257073412      8.665275179       3.57089479     -3.157954561      5.415027974 
    0.09477789751     0.5207113635    -0.1362177006      1.488125091      2.338198154       8.95566709      3.488496482     -2.942965435      5.281163589 
    0.06701809404     0.5064462138    -0.1120074247      1.476940974      2.163997728      8.077447071      3.394560906     -3.059496914      5.223494641 
    0.04738894876     0.4868108203      -0.14243939       1.46483091      2.361906085      9.017205519      3.438605164     -2.776739729      5.138645814 
    0.03350904702     0.4707613957    -0.1146403628      1.459888388      2.129116176      7.960995584      3.427859891     -2.962698011      5.091814187 
    0.02369447438     0.4506161605    -0.1369253084      1.456952952      2.380470531      9.149409454      3.482769507      -2.63433245      5.014802981 
    0.01675452351     0.4320854628    -0.1284025059      1.454332853      2.088289995      7.862723482      3.501768378     -2.853596674      4.941886669 
    0.01184723719     0.4133272036    -0.1327275779        1.4503356      2.349069229      9.043417955      3.525291713     -2.503287406      4.852356635 
   0.008377261755     0.3976847128    -0.1306745148      1.447273372      2.020085271      7.588020822      3.507276321     -2.747241917      4.767327187 
   0.005923618595     0.3845643953    -0.1271457844      1.441436656      2.283834133      8.695784418      3.479886072     -2.402572503      4.686406636 
   0.004188630877     0.3746955514    -0.1229914834      1.435969077      1.976975624      7.347820234      3.439387616     -2.642270373      4.619245997 
   0.002961809297     0.3672036109    -0.1201230749      1.430008974       2.22493991      8.353604212      3.403246608     -2.339107824      4.564047734 
   0.002094315439     0.3619782117    -0.1188854671      1.425646581      1.940640872      7.130891722      3.364804727     -2.581903138       4.52254401 
   0.001480904649     0.3582618922     -0.119055986      1.422146169      2.187122204      8.119932419      3.336428885     -2.305126034      4.492248237 
   0.001047157719     0.3557983667     -0.119929464      1.420159586      1.920343771       7.00032079       3.31260059     -2.551166032      4.471509803 
  0.0007404523243     0.3540097926    -0.1210331218      1.418487632       2.16854196      8.001896673      3.299322442     -2.288270632      4.456812592 
  0.0005235788597     0.3528467884    -0.1220823062      1.417722487      1.911155095       6.93990544      3.287391641     -2.535759507      4.446914602 
  0.0003702261622     0.3519402773    -0.1229754769      1.416828122      2.159777503      7.946807104      3.282168243     -2.279807505      4.439585007 
  0.0002617894298     0.3513870165    -0.1236996492      1.416583689      1.906868867      6.911788794      3.275639916     -2.527895778      4.434764645 
  0.0001851130811     0.3509059181    -0.1242476264      1.416028658      2.155453546      7.919942574      3.273962583     -2.275506649      4.430960195 
  0.0001308947149     0.3506536493    -0.1246789959      1.416030773      1.904772079      6.897993001      3.269836328     -2.523864097      4.428636176 
  9.255654054e-05     0.3503853855    -0.1249808792      1.415634038      2.153271999      7.906429885      3.269849585     -2.273327112       4.42659911 
  6.544735746e-05     0.3502846147    -0.1252249035      1.415756467      1.903734123       6.89109477      3.266891157      -2.52180395      4.425538074 
  4.627827027e-05     0.3501238555    -0.1253803113      1.415439225      2.152171499      7.899625786      3.267783625     -2.272229557      4.424401056 
  3.272367873e-05      0.350099373    -0.1255185489      1.415620466      1.903223796      6.887667209      3.265406391     -2.520754891      4.423978687 
  2.313913514e-05     0.3499924482    -0.1255916532      1.415343248      2.151613954      7.896144686      3.266702078     -2.271678648      4.423292602 
  1.636183937e-05     0.3500065383    -0.1256716297      1.415553213       1.90297356      6.885969352      3.264660983     -2.520222584      4.423196144 
  1.156956757e-05      0.349925568    -0.1256982944      1.415292709      2.151330853      7.894338653      3.266114216     -2.271401923      4.422732776 
  8.180919683e-06      0.349960029    -0.1257433862      1.415518015      1.902847563      6.885118677       3.26428983     -2.519956453      4.422804016 
  5.784783784e-06     0.3498926294    -0.1257464369      1.415266945      2.151191713      7.893478261      3.265852474     -2.271263069      4.422454782 
  4.090459841e-06     0.3499366959    -0.1257760061      1.415499286       1.90278385      6.884691997      3.264105616     -2.519823384      4.422607234 
  2.892391892e-06     0.3498761066    -0.1257692028      1.415253521       2.15112161      7.893045119      3.265720939     -2.271193438      4.422315047 
  2.045229921e-06     0.3499251057    -0.1257917673      1.415490685      1.902750446      6.884470314      3.264011053     -2.519757561      4.422508007 
  1.446195946e-06     0.3498678504    -0.1257807467       1.41524687      2.151086305      7.892826805      3.265654515     -2.271158835      4.422245139 
   1.02261496e-06     0.3499188813    -0.1257984616      1.415486027      1.902728114      6.884290558      3.263916282     -2.519726332      4.422454446 
   7.23097973e-07     0.3498637524    -0.1257854449      1.415243397      2.151068563      7.892716823       3.26562086     -2.271141881      4.422210444 
  5.113074802e-07     0.3499160176    -0.1258008454      1.415483465      1.902717521      6.884225718      3.263891754      -2.51971268      4.422430201 
  3.615489865e-07     0.3498617682    -0.1257865121      1.415241596      2.151059911      7.892662235      3.265603493      -2.27113382      4.422193731 
  2.556537401e-07      0.349914655     -0.125801529      1.415482334       1.90271238      6.884193758      3.263879357     -2.519706461      4.422418841 
  1.807744932e-07     0.3498608351    -0.1257870326      1.415240929      2.151055988      7.892636994      3.265595132     -2.271130113        4.4221861 
    1.2782687e-07     0.3499140129    -0.1258019458      1.415481944       1.90271021      6.884179934      3.263873789     -2.519703501      4.422413711 
