#               T           <Sz^2>              <Q>            <Q^2>              <E>            <E^2>                C                F                S 
      17.15663207     0.4984772836   -0.01096247967     0.9998650192    0.05834920137   0.004425524636   0.001020895335     -3.406876256      3.465225457 
      12.13157088     0.6226759894    -0.0213547693      1.499415873     0.1342968125    0.02219573499   0.004160101141     -4.715652453      4.849949265 
      8.578316037     0.7447523552 -0.0002404483446      1.990689303     0.4401105755      0.230843185    0.03714586639     -5.779566666      6.219677242 
      6.065785441     0.7829405657   -0.03585701226      2.149569543      1.369542724      3.088138673      1.212491399     -5.504403908      6.873946632 
      4.289158019      0.830970652   -0.05023121347      2.349765296      1.446850374      3.888927416      1.795551412     -6.067730719      7.514581093 
       3.03289272     0.8235009475   -0.02201206384      2.327476515      2.094224858      7.076248627      2.690470871     -5.508812668      7.603037526 
      2.144579009     0.7903775731    -0.1734332668      2.238247324      1.740224728      5.705431737      2.677049634     -5.500849917      7.241074645 
       1.51644636     0.8381602691    -0.1842622419      2.451801058       1.99113101      5.904044386      1.939441687      -5.71077225       7.70190326 
      1.072289505     0.8072248006    -0.1022743103      2.329595039      2.485065565      8.803268722      2.627717857     -5.087960763      7.573026329 
     0.7582231801      0.755995858     -0.515503779      2.413431891      2.532380864      9.276106116      2.863153276     -4.596289868      7.128670732 
     0.5361447523     0.7214938837    -0.4525728211      2.251072511       2.77719783      11.07018377      3.357355983     -4.177977477      6.955175308 
     0.3791115901     0.6378780123    -0.1832628848      1.791095837      2.691207502      11.29034819      4.047750369     -3.565468795      6.256676297 
     0.2680723762     0.5938106386    -0.1515233377       1.65274648      2.485602562      10.12389741       3.94567731     -3.374901783      5.860504345 
      0.189555795     0.5617514997    -0.1531867989      1.567926697      2.425429292      9.685037244      3.802329993     -3.153527447      5.578956739 
     0.1340361881     0.5418906956    -0.1247074682       1.52547863      2.252396768      8.632742536      3.559451337     -3.171859502       5.42425627 
    0.09477789751     0.5202847086    -0.1528277799      1.494884507      2.351885687      9.028293937      3.496927653     -2.935032721      5.286918407 
    0.06701809404     0.5060210394    -0.1111036213      1.481469274      2.164875725      8.084532667      3.397845764     -3.069100043      5.233975767 
    0.04738894876     0.4853118031    -0.1642455324       1.47530221      2.377271546      9.104866985      3.453446983     -2.768610874      5.145882419 
    0.03350904702     0.4681766477     -0.113191758      1.462435923      2.133580272      8.004247769      3.452082991     -2.960376172      5.093956444 
    0.02369447438     0.4485014713    -0.1512861236      1.468474669      2.379016918      9.154294543      3.494573048     -2.643611492       5.02262841 
    0.01675452351     0.4294471632    -0.1323721633      1.461230842      2.084272228      7.856736972      3.512546253     -2.858246708      4.942518936 
    0.01184723719     0.4121919253    -0.1438023028      1.462903514      2.337141515      8.972076326      3.509845864     -2.522263876      4.859405391 
   0.008377261755      0.398158075     -0.138492676      1.461064121      2.010073782       7.51972401      3.479327399     -2.773070922      4.783144705 
   0.005923618595     0.3864092665    -0.1365374673      1.456973337      2.287466385      8.687787529      3.455285065     -2.424774345       4.71224073 
   0.004188630877     0.3772935981    -0.1322639011       1.45179447      1.974892658      7.331239749      3.431038739      -2.67759874      4.652491397 
   0.002961809297     0.3696554743     -0.129771167      1.444169559      2.240376755      8.433274043      3.413986036     -2.356530472      4.596907228 
   0.002094315439     0.3639442655    -0.1288166168      1.437570522      1.951716357      7.193181952      3.383985215     -2.598650482      4.550366838 
   0.001480904649     0.3596761881     -0.129553158      1.431803236       2.19795489       8.18696445      3.355958751     -2.315380681      4.513335571 
   0.001047157719     0.3567772139    -0.1312817889      1.428113359      1.931265026      7.057717075      3.327932473     -2.555303535      4.486568561 
  0.0007404523243     0.3546856217    -0.1333653625      1.425263171      2.173222003      8.033065885      3.310172011     -2.294156716      4.467378719 
  0.0005235788597     0.3533207416      -0.13540378      1.423757031      1.921143302      6.985599477      3.294807892     -2.533208718       4.45435202 
  0.0003702261622     0.3522769853    -0.1371530214      1.422381226      2.161325168      7.958642598      3.287316116     -2.283546141      4.444871309 
  0.0002617894298     0.3516268069    -0.1385967879      1.421828602      1.916639915      6.952755636      3.279247072     -2.521887554      4.438527469 
  0.0001851130811     0.3510781472    -0.1396921774      1.421060107       2.15549572      7.922679105      3.276517308     -2.278157908      4.433653628 
  0.0001308947149     0.3507757024    -0.1405592506       1.42091922      1.914505338      6.937000329       3.27166964     -2.516044661      4.430549999 
  9.255654054e-05     0.3504735869     -0.141171767      1.420427888      2.152551111      7.904648961      3.271172674      -2.27542058      4.427971691 
  6.544735746e-05     0.3503463222    -0.1416588206      1.420485748      1.913468833      6.929209526      3.267846549     -2.513038725      4.426507559 
  4.627827027e-05     0.3501689451     -0.141981465      1.420123031      2.151057517      7.895516535      3.268468095     -2.274040157      4.425097674 
  3.272367873e-05     0.3501302038    -0.1422532746      1.420274654      1.912967322      6.925342542      3.265898567     -2.511498372      4.424465694 
  2.313913514e-05     0.3500156352    -0.1424096516      1.419976387      2.150305548      7.890940882      3.267126932     -2.273347749      4.423653297 
  1.636183937e-05     0.3500217781    -0.1425638711       1.42017116      1.912726766       6.92344541      3.264921731     -2.510712827      4.423439593 
  1.156956757e-05     0.3499386563     -0.142626089      1.419899664      2.149922319      7.888553545      3.266387569      -2.27299923      4.422921549 
  8.180919683e-06     0.3499673799    -0.1427093786      1.420115928      1.912604441      6.922488684      3.264432937     -2.510320018      4.422924458 
  5.784783784e-06     0.3498990219      -0.14272311      1.419858469      2.149727929      7.887318773      3.265988603     -2.272823277      4.422551206 
  4.090459841e-06     0.3499400031    -0.1427754121      1.420085703      1.912541438      6.922003484      3.264188731     -2.510123497      4.422664935 
  2.892391892e-06     0.3498796178    -0.1427692153      1.419836742      2.149631814      7.886732709      3.265815775     -2.272735029      4.422366842 
  2.045229921e-06      0.349926011    -0.1428068876      1.420070877      1.912506276      6.921729064       3.26404881     -2.510026698      4.422532974 
  1.446195946e-06     0.3498699269    -0.1427925549      1.419826007      2.149583155      7.886435461       3.26572772       -2.2726914      4.422274555 
   1.02261496e-06     0.3499191862    -0.1428207128      1.420062633      1.912485528      6.921586563      3.263985669     -2.509982423      4.422467951 
   7.23097973e-07     0.3498651524    -0.1428019947      1.419820286      2.149558621      7.886284929      3.265682663     -2.272670392      4.422229014 
  5.113074802e-07     0.3499158864    -0.1428254605      1.420058343      1.912472408       6.92150348      3.263952771     -2.509964046      4.422436454 
  3.615489865e-07     0.3498629149    -0.1428040884      1.419817275      2.149546863      7.886210636      3.265658921     -2.272660852      4.422207715 
  2.556537401e-07     0.3499143966    -0.1428268143      1.420056547      1.912466269      6.921463193      3.263935962     -2.509956195      4.422422464 
  1.807744932e-07     0.3498619326    -0.1428051468      1.419816318      2.149541911      7.886178225      3.265647796     -2.272656833      4.422198744 
    1.2782687e-07     0.3499137426    -0.1428276902      1.420056069      1.912464135      6.921448067      3.263928999     -2.509952607      4.422416742 
