#               T           <Sz^2>              <Q>            <Q^2>              <E>            <E^2>                C                F                S 
      17.15663207     0.4984771568   -0.01105409686     0.9998665234    0.05834828954   0.004427468746   0.001022945854     -3.406876142      3.465224431 
      12.13157088     0.6226739251    -0.0215283782      1.499415045     0.1347864314    0.02236054988   0.004193167795     -4.715146282      4.849932713 
      8.578316037     0.7447661617 -0.0005279989876      1.990744706     0.4390298575     0.2296736645     0.0369264487     -5.780758074      6.219787932 
      6.065785441     0.7831363341   -0.03600015791      2.150362777       1.37058562      3.088871649      1.210366708     -5.505167814      6.875753434 
      4.289158019     0.8309593187    -0.0513645818      2.349834757      1.447119236      3.889910835      1.795756753     -6.067375492      7.514494728 
       3.03289272     0.8241783253   -0.02152358921      2.330163787      2.095485927      7.073790672        2.6827294     -5.513705242       7.60919117 
      2.144579009     0.7903078289    -0.1751606729      2.238618478       1.74347074      5.718654889      2.678964669     -5.497280876      7.240751616 
       1.51644636     0.8379691306    -0.1851346495      2.451365188      1.993703728      5.916665801      1.941811245     -5.706551327      7.700255056 
      1.072289505     0.8082015369   -0.09677833963      2.332382417      2.488029997      8.810650492      2.620357225     -5.094688473       7.58271847 
     0.7582231801     0.7558703886    -0.5111732751      2.408607112       2.53777717      9.318885564      2.878572597     -4.592903617      7.130680788 
     0.5361447523     0.7198743463    -0.4399299993      2.233699885      2.776054453      11.08171378      3.375235451     -4.164656454      6.940710907 
     0.3791115901     0.6372532697    -0.1844329539      1.788504059      2.687945705      11.27043685      4.045384733     -3.560304624      6.248250329 
     0.2680723762     0.5939139636    -0.1521549618      1.653378999      2.481470481      10.09879908      3.941103328     -3.378986451      5.860456931 
      0.189555795      0.561727256    -0.1590996467      1.569874256       2.42752308      9.693087336      3.800219032     -3.151323196      5.578846277 
     0.1340361881     0.5421219855    -0.1240557779      1.527090966      2.251084894      8.623212766      3.555829569     -3.177252647      5.428337541 
    0.09477789751     0.5200784247    -0.1638463768      1.499414413      2.357050182      9.057569242      3.501883683     -2.932905675      5.289955857 
    0.06701809404     0.5054055458    -0.1062215648       1.48101736      2.168759405      8.109860724      3.406343366     -3.066770693      5.235530099 
    0.04738894876     0.4850536714    -0.1768280095      1.482820626      2.375869292      9.101570465      3.456815572     -2.776734392      5.152603684 
    0.03350904702     0.4663231923     -0.110511528      1.459166524       2.13864102      8.049218032      3.475432618     -2.948265592      5.086906612 
    0.02369447438     0.4491677556    -0.1536172266      1.475608931      2.350365738      9.004315863      3.480096762      -2.68308118      5.033446917 
    0.01675452351     0.4293851682    -0.1336175709      1.461733206      2.090862134      7.878599543      3.506895079     -2.849963719      4.940825854 
    0.01184723719     0.4155370102    -0.1478691133      1.472382135      2.299453368      8.745998862      3.458513072     -2.578965675      4.878419043 
   0.008377261755      0.402881977    -0.1441820622      1.470553331      2.008517594      7.465063677      3.430920751     -2.801869179      4.810386773 
   0.005923618595     0.3932735459    -0.1487075742      1.472661893      2.275193448      8.581594119      3.405088895     -2.482544524      4.757737972 
   0.004188630877     0.3847246589    -0.1486110223      1.469498564      1.978853497      7.318639327      3.402778166     -2.728446793      4.707300289 
   0.002961809297      0.376941855    -0.1516379975      1.463951344      2.253082488      8.483190122      3.406809424     -2.402585097      4.655667585 
   0.002094315439     0.3703012564    -0.1544023409      1.457263058      1.978508463      7.310662979       3.39616724     -2.627210335      4.605718798 
   0.001480904649     0.3648201675    -0.1581042091      1.450581533      2.215210715      8.285646409      3.378487895     -2.345655292      4.560866008 
   0.001047157719     0.3607001812      -0.16209294      1.445485358      1.961772558      7.201575531      3.353023964     -2.562586076      4.524358633 
  0.0007404523243     0.3575830472    -0.1660346783      1.441343466      2.183651015      8.100807202      3.332475448     -2.312363183      4.496014198 
  0.0005235788597     0.3554085543    -0.1696399307      1.438807951      1.948617389       7.10979812      3.312688393     -2.526718462      4.475335851 
  0.0003702261622     0.3537733518    -0.1726655985      1.436710307      2.165187544      7.988937202        3.3009001      -2.29484256      4.460030105 
  0.0002617894298     0.3526850235    -0.1751603885      1.435652859      1.941456516      7.058343699      3.289090294     -2.507852552      4.449309068 
  0.0001851130811     0.3518321865    -0.1770489433      1.434579371      2.155427801      7.929588547      3.283719543     -2.285918621      4.441346421 
  0.0001308947149     0.3513057945    -0.1785416673      1.434218399      1.937867081      7.032089625      3.276760803     -2.498102412      4.435969493 
  9.255654054e-05     0.3508515741    -0.1795984661      1.433602924      2.150403374      7.899056709      3.274822036     -2.281429323      4.431832697 
  6.544735746e-05       0.35061025    -0.1804370534       1.43356089      1.936112336      7.018972466      3.270441487     -2.493102457      4.429214794 
  4.627827027e-05     0.3503586153    -0.1809955875      1.433150662        2.1478457      7.883515565      3.270274413      -2.27918585       4.42703155 
  3.272367873e-05       0.35026108    -0.1814618484      1.433253483      1.935265821      7.012465538       3.26721174     -2.490547008      4.425812829 
  2.313913514e-05     0.3501115284    -0.1817356839      1.432938779       2.14655471      7.875689349      3.267992225     -2.278067286      4.424621996 
  1.636183937e-05     0.3500861665    -0.1819964121      1.433107242      1.934861169      7.009275319      3.265587576     -2.489245802      4.424106971 
  1.156956757e-05      0.349988298    -0.1821066175      1.432831095      2.145913023      7.871848309      3.266905607     -2.277507046      4.423420069 
  8.180919683e-06     0.3499984655    -0.1822463279       1.43302701      1.934656216      7.007671485      3.264776811     -2.488595438      4.423251655 
  5.784783784e-06     0.3499259918    -0.1822729835      1.432770703      2.145589953       7.86989863      3.266342384     -2.277224128      4.422814081 
  4.090459841e-06     0.3499542683    -0.1823592912      1.432981187       1.93455038      7.006857864      3.264372691      -2.48826992        4.4228203 
  2.892391892e-06     0.3498945069    -0.1823507671      1.432738125      2.145424357      7.868886268      3.266040598     -2.277081658      4.422506015 
  2.045229921e-06     0.3499320848    -0.1824123567        1.4329567      1.934492887      7.006427942      3.264165211     -2.488109858      4.422602746 
  1.446195946e-06     0.3498788586    -0.1823903934      1.432721737      2.145340813      7.868380429      3.265893224     -2.277011575      4.422352388 
   1.02261496e-06     0.3499210809    -0.1824355861      1.432943603      1.934457677      7.006186186       3.26405968     -2.488036969      4.422494646 
   7.23097973e-07     0.3498712794    -0.1824071849      1.432712064      2.145301365      7.868168625      3.265850679     -2.276978537      4.422279902 
  5.113074802e-07     0.3499158264    -0.1824433499      1.432936637      1.934435494      7.006044653      3.264003974     -2.488007327      4.422442821 
  3.615489865e-07     0.3498677737    -0.1824105003      1.432707189      2.145281368      7.868042243      3.265810097     -2.276964022       4.42224539 
  2.556537401e-07     0.3499135499    -0.1824455628      1.432933949      1.934425571      7.005977636      3.263975346     -2.487995193      4.422420764 
  1.807744932e-07     0.3498661791    -0.1824120564      1.432706051      2.145268531      7.867911526      3.265734457     -2.276958018      4.422226549 
    1.2782687e-07     0.3499126105    -0.1824472394      1.432933609      1.934422701      7.005955363      3.263964178     -2.487989818      4.422412519 
