#               T           <Sz^2>              <Q>            <Q^2>              <E>            <E^2>                C                F                S 
      17.15663207     0.4984770293   -0.01114666827     0.9998680655    0.05834616545   0.004429272005   0.001024996982     -3.406877239      3.465223405 
      12.13157088      0.622672615   -0.02174828743      1.499419313     0.1350382574    0.02244947614    0.00421414519     -4.714883953       4.84992221 
      8.578316037     0.7447702681  -0.000582343612      1.990761168     0.4386430645     0.2292689301    0.03686119216     -5.781177757      6.219820822 
      6.065785441     0.7832559513   -0.03626169685      2.150860078      1.371122563      3.089044248      1.209067165     -5.505734586      6.876857149 
      4.289158019     0.8309498933   -0.05219457821      2.349882821      1.447461135      3.891069802      1.795926066     -6.066961741      7.514422876 
       3.03289272     0.8245747937   -0.02119271916      2.331735006      2.095975378      7.071253978      2.678141193      -5.51680457      7.612779948 
      2.144579009     0.7902506602    -0.1770561918      2.239067408      1.745691989      5.727752506      2.680311986     -5.494813852      7.240505841 
       1.51644636     0.8378195009    -0.1860146243       2.45109856      1.995393362       5.92528409      1.943689422     -5.703607138        7.6990005 
      1.072289505     0.8087894845   -0.09389263124      2.334176587      2.489171313       8.81121763      2.615243804     -5.099270438      7.588441751 
     0.7582231801     0.7557265179    -0.5106259378      2.407421764      2.540835904      9.343687447      2.887840354     -4.590551573      7.131387477 
     0.5361447523     0.7190134582    -0.4355305166      2.226526661      2.774484734      11.08062576      3.382860218     -4.158816079      6.933300813 
     0.3791115901     0.6369555146    -0.1860038977        1.7877612      2.686360615      11.26028316      4.043749804     -3.558132541      6.244493156 
     0.2680723762     0.5940360534    -0.1521882799      1.653788867      2.479745471      10.08746253      3.938324923     -3.381058295      5.860803766 
      0.189555795     0.5617255056    -0.1624339446      1.571160703      2.428622491      9.697451088      3.799243885     -3.150621728      5.579244219 
     0.1340361881     0.5421548898    -0.1222161721      1.527292288      2.251685076      8.626271299      3.556185619     -3.178322316      5.430007392 
    0.09477789751     0.5200272144    -0.1698332054      1.502258665      2.358075652      9.063924876      3.503404095     -2.934054782      5.292130434 
    0.06701809404      0.504769185    -0.1019250574      1.479027932      2.173326079      8.138464836      3.415118589     -3.060012276      5.233338356 
    0.04738894876     0.4854340281    -0.1809275994      1.487366491      2.367367596      9.057495852      3.453066517     -2.791901868      5.159269464 
    0.03350904702     0.4651483855     -0.112064347      1.455627917       2.14404676      8.089495029      3.492558518     -2.934333566      5.078380327 
    0.02369447438     0.4508052469    -0.1448163061      1.478132723      2.313448363      8.808223504      3.456180177     -2.730293944      5.043742307 
    0.01675452351     0.4305343824    -0.1393379451      1.462097406      2.078414146      7.813650998      3.493845633      -2.86200548      4.940419626 
    0.01184723719      0.419693321    -0.1463330817      1.476763864       2.25838733      8.508701754      3.408388422     -2.636948701      4.895336031 
   0.008377261755     0.4082877653    -0.1548113356      1.477379048      2.009475503      7.424368514      3.386376716     -2.824556306      4.834031809 
   0.005923618595     0.4004158695     -0.164747118      1.483605498      2.255541371      8.446904523      3.359437644     -2.538790546      4.794331918 
   0.004188630877     0.3923636258    -0.1747739817      1.483533074      2.002001196       7.38141682      3.373408031      -2.74813067      4.750131866 
   0.002961809297     0.3845987239     -0.186171067       1.48160166      2.253641507      8.469603872      3.390703832      -2.44872822      4.702369726 
   0.002094315439     0.3772166359    -0.1962666489      1.477363521      2.017831406      7.467740466      3.396096884     -2.633259184       4.65109059 
   0.001480904649     0.3706646538    -0.2053268611      1.472507221      2.223304504      8.332387802      3.389304887     -2.378337384      4.601641888 
   0.001047157719     0.3653194358    -0.2130476749      1.468407341      2.004044812      7.386213804      3.370018197     -2.554106993      4.558151805 
  0.0007404523243       0.36108218    -0.2193898818       1.46481864      2.188501556      8.139568498      3.350029436      -2.33395182      4.522453376 
  0.0005235788597     0.3579682318    -0.2245385203       1.46253912      1.987057075      7.276850689       3.32845487     -2.508005535       4.49506261 
  0.0003702261622     0.3556170255    -0.2285122404      1.460605457      2.164658264      7.998973367      3.313227968     -2.309707635      4.474365898 
  0.0002617894298     0.3539915972    -0.2316342905      1.459650643      1.976089262      7.203538493       3.29860972     -2.483428044      4.459517306 
  0.0001851130811     0.3527604265       -0.2338957      1.458659088       2.15125821      7.918330247      3.290418362     -2.297327276      4.448585485 
  0.0001308947149     0.3519554913    -0.2356696649      1.458359097      1.970259765      7.163633645      3.281710104     -2.470787038      4.441046803 
  9.255654054e-05     0.3513154464    -0.2368758832        1.4578079      2.144278956      7.876122792      3.278190552      -2.29115648      4.435435435 
  6.544735746e-05      0.350931532    -0.2378622947      1.457797607      1.967364611      7.143457372      3.272933859     -2.464358118       4.43172273 
  4.627827027e-05     0.3505914081    -0.2384734293      1.457436825      2.140732739      7.854683933      3.271947275      -2.28809893      4.428831669 
  3.272367873e-05     0.3504193757    -0.2390282967      1.457551898      1.965958885         7.133513       3.26851866     -2.461095907      4.427054793 
  2.313913514e-05      0.350229151     -0.239310847      1.457273272      2.138946244      7.843898111      3.268807074     -2.286582912      4.425529156 
  1.636183937e-05      0.350163361    -0.2396318495      1.457441465      1.965276963      7.128609271      3.266295729     -2.459443095      4.424720058 
  1.156956757e-05     0.3500486158    -0.2397288309      1.457190043      2.138056735      7.838567306      3.267280703     -2.285825585       4.42388232 
  8.180919683e-06     0.3500351742     -0.239913292      1.457376066      1.964934314      7.126155325      3.265188465     -2.458617276      4.423551591 
  5.784783784e-06     0.3499576648    -0.2399166754      1.457137391      2.137610617      7.835883496      3.266504344     -2.285443681      4.423054298 
  4.090459841e-06     0.3499706383    -0.2400400294      1.457334952      1.964759003      7.124915465      3.264637527       -2.4582038      4.422962803 
  2.892391892e-06     0.3499117584    -0.2400037724      1.457107615      2.137382758      7.834502209      3.266097157     -2.285251448      4.422634205 
  2.045229921e-06      0.349938257    -0.2400990096      1.457311849      1.964665821       7.12426638      3.264354592     -2.458000045      4.422665866 
  1.446195946e-06     0.3498889183    -0.2400475918      1.457092514      2.137267583      7.833808477      3.265895755     -2.285156952      4.422424535 
   1.02261496e-06     0.3499221913    -0.2401244394      1.457298847      1.964612261      7.123911967       3.26421063     -2.457906103      4.422518364 
   7.23097973e-07     0.3498777191    -0.2400647303      1.457083558      2.137209375      7.833455904      3.265791992     -2.285112211      4.422321586 
  5.113074802e-07     0.3499145071     -0.240132726      1.457291613      1.964580763       7.12371211      3.264134534     -2.457866992      4.422447755 
  3.615489865e-07     0.3498725822    -0.2400682474      1.457078507      2.137181818      7.833282479      3.265736355     -2.285092845      4.422274663 
  2.556537401e-07     0.3499111602    -0.2401352514      1.457289199      1.964566982      7.123618797      3.264095369     -2.457850907      4.422417889 
  1.807744932e-07     0.3498704347     -0.240070627      1.457077966      2.137170823      7.833209964      3.265710838     -2.285085567       4.42225639 
    1.2782687e-07     0.3499097676    -0.2401376071       1.45728964      1.964563131      7.123588536      3.264080241     -2.457843757      4.422406888 
