#               T           <Sz^2>              <Q>            <Q^2>              <E>            <E^2>                C                F                S 
      17.15663207     0.4984769407    -0.0112110319      0.999869149    0.05834421492   0.004430465847   0.001026418433     -3.406878479      3.465222694 
      12.13157088     0.6226718552   -0.02191770324      1.499423668     0.1351616776    0.02249498206   0.004226302981     -4.714754444      4.849916122 
      8.578316037     0.7447707404 -0.0005485341679      1.990763009     0.4385403614     0.2291713252    0.03685367665     -5.781284221      6.219824582 
      6.065785441     0.7833247071   -0.03647314949      2.151150455      1.371466078      3.089238613      1.208319411     -5.506025344      6.877491422 
      4.289158019     0.8309434947   -0.05271499199      2.349911751      1.447730564       3.89196432      1.796040535     -6.066643589      7.514374153 
       3.03289272     0.8247955755   -0.02095042467      2.332607723      2.096134516      7.069339757      2.675559849     -5.518638147      7.614772663 
      2.144579009     0.7902190814    -0.1784856546      2.239448509      1.747012291      5.732971009      2.680919063     -5.493265039      7.240277331 
       1.51644636     0.8377245732    -0.1866548577      2.450961818       1.99636878      5.930316014      1.944827708     -5.701808761      7.698177541 
      1.072289505     0.8091233681   -0.09228337089      2.335212732      2.489524543      8.809805269      2.612072817     -5.102098814      7.591623357 
     0.7582231801     0.7556604512    -0.5111755939      2.407644613      2.542508759      9.357595286      2.893244497     -4.589195796      7.131704555 
     0.5361447523     0.7186678684    -0.4344688282      2.224159442      2.773378261       11.0778201      3.386193124     -4.156695436      6.930073697 
     0.3791115901     0.6368217634    -0.1870909444       1.78758478      2.685459974      11.25335108      4.041655807     -3.557261832      6.242721806 
     0.2680723762     0.5940530223     -0.151984097      1.653782923      2.479038575       10.0817454      3.936113146     -3.381984837      5.861023412 
      0.189555795     0.5617346896    -0.1639287716      1.571816591      2.429292296      9.700415819      3.798954758     -3.150547532      5.579839829 
     0.1340361881     0.5420939258    -0.1204110747      1.526988339      2.252678687      8.631593141      3.557031875     -3.177792737      5.430471423 
    0.09477789751     0.5200481818    -0.1723648944      1.503787861      2.357726824      9.062451465       3.50357569      -2.93607243      5.293799253 
    0.06701809404     0.5042787438   -0.09938949404      1.477265151      2.177012997      8.161276441      3.421890851     -3.053722821      5.230735818 
    0.04738894876     0.4859357725    -0.1801143691      1.489597716      2.358579703      9.010172209      3.447273992     -2.806139048      5.164718752 
    0.03350904702     0.4645141621    -0.1162403307      1.453681028      2.148376714      8.117929155      3.502406652     -2.923821146      5.072197859 
    0.02369447438     0.4521166242    -0.1328294388       1.47754847      2.283854793      8.653760429      3.437767715     -2.765816527       5.04967132 
    0.01675452351     0.4320369688    -0.1455928617      1.463851325      2.079089646      7.800705052      3.478091296     -2.864052639      4.943142285 
    0.01184723719     0.4225304758    -0.1465433622       1.47747232      2.234122392      8.370401401      3.379098539     -2.669030358       4.90315275 
   0.008377261755     0.4123947196     -0.165702766      1.481862194       2.01097182      7.400808342       3.35680068     -2.838210565      4.849182385 
   0.005923618595     0.4050261194    -0.1816697733      1.488754293      2.246046468      8.383528084       3.33880335     -2.565568735      4.811615202 
   0.004188630877     0.3972005343    -0.1997302879      1.491116405      2.028709457      7.477320819      3.361658759     -2.740575896      4.769285353 
   0.002961809297     0.3891575904    -0.2174066641      1.491327292      2.251290796      8.455519946      3.387209697     -2.469434142      4.720724938 
   0.002094315439      0.381216902    -0.2324970202      1.489524694      2.047538444      7.590776387      3.398362706     -2.619951961      4.667490406 
   0.001480904649      0.373955377    -0.2448609737       1.48700556      2.221790637      8.330902794      3.394549161     -2.393585087      4.615375724 
   0.001047157719     0.3678798849    -0.2545675252      1.484887069      2.031779344      7.504902011      3.376774708     -2.537198182      4.568977527 
  0.0007404523243     0.3629971709     -0.261904597      1.482909112      2.185134803       8.13062045      3.355806342     -2.345454273      4.530589076 
  0.0005235788597     0.3593632933     -0.267472261      1.481813853      2.011947763        7.3816297        3.3336959     -2.489049612      4.500997375 
  0.0003702261622     0.3566180786    -0.2715286976      1.480746756      2.159478885      7.980231095      3.316882039     -2.319117801      4.478596687 
  0.0002617894298     0.3547010863    -0.2746113714      1.480386808      1.999023594      7.297671156      3.301575828     -2.463471371      4.462494965 
  0.0001851130811     0.3532647256    -0.2767650317      1.479831848        2.1449804       7.89312739      3.292186475      -2.30569348       4.45067388 
  0.0001308947149     0.3523089179    -0.2784417225      1.479811308      1.992124822       7.25180423      3.283242922     -2.450381275      4.442506097 
  9.255654054e-05     0.3515679356    -0.2795495851      1.479481335      2.137442184      7.847610407      3.278951315     -2.299019189      4.436461374 
  6.544735746e-05     0.3511057286    -0.2804663278      1.479600707      1.988679355      7.228550045      3.273704468     -2.443754256      4.432433611 
  4.627827027e-05     0.3507188383     -0.281016928      1.479367473      2.133623347      7.824597508      3.272248923     -2.295717992      4.429341339 
  3.272367873e-05     0.3505048184    -0.2815291316        1.4795312      1.986993693      7.217063156      3.268919221     -2.440404502      4.427398195 
  2.313913514e-05     0.3502935823    -0.2817801879      1.479331335      2.131695689      7.812943748      3.268817239     -2.294082057      4.425777746 
  1.636183937e-05     0.3502045565    -0.2820766224      1.479507618      1.986170661      7.211398124      3.266524229      -2.43871263      4.424883291 
  1.156956757e-05     0.3500813531    -0.2821587377      1.479310159      2.130734773      7.807159422      3.267128751     -2.293265249      4.424000021 
  8.180919683e-06     0.3500542893    -0.2823315699      1.479484957      1.985758167      7.208567105      3.265331609     -2.437867224       4.42362539 
  5.784783784e-06     0.3499749154    -0.2823292276      1.479287811      2.130254728      7.804275017       3.26628981     -2.292853801       4.42310853 
  4.090459841e-06     0.3499787238    -0.2824461482      1.479464674      1.985548165      7.207139758      3.264738241     -2.437443876      4.422992041 
  2.892391892e-06     0.3499213559    -0.2824084407      1.479271919      2.130011358      7.802815394      3.265867007     -2.292646902       4.42265826 
  2.045229921e-06     0.3499408294    -0.2824990897      1.479451641       1.98543802      7.206398361      3.264434231     -2.437234833      4.422672853 
  1.446195946e-06     0.3498946191    -0.2824475442      1.479263861       2.12988785      7.802072933      3.265650679     -2.292545032      4.422432882 
   1.02261496e-06     0.3499220082    -0.2825216603      1.479443425      1.985376922      7.206001253      3.264279731     -2.437137316      4.422514238 
   7.23097973e-07     0.3498814742    -0.2824626456       1.47925821      2.129825474       7.80169599      3.265539438     -2.292496622      4.422322096 
  5.113074802e-07     0.3499129491    -0.2825289093      1.479438441      1.985342439      7.205782937      3.264198337     -2.437095658      4.422438097 
  3.615489865e-07     0.3498753686    -0.2824657453      1.479254737      2.129795833       7.80151033       3.26548004     -2.292475458      4.422271291 
  2.556537401e-07     0.3499089186    -0.2825312847      1.479437239      1.985327346      7.205681188      3.264156517     -2.437078161      4.422405507 
  1.807744932e-07     0.3498727408    -0.2824681489      1.479255181      2.129783765       7.80143155      3.265452665     -2.292467353      4.422251118 
    1.2782687e-07     0.3499071864    -0.2825337988      1.479438519      1.985322918       7.20564719      3.264140099     -2.437070256      4.422393174 
