#               T           <Sz^2>              <Q>            <Q^2>              <E>            <E^2>                C                F                S 
      17.15663207     0.4984768912   -0.01124694937     0.9998697576      0.058342968   0.004431112249   0.001027210334     -3.406879329      3.465222297 
      12.13157088     0.6226714579   -0.02202003053      1.499426574     0.1352187535     0.0225167669   0.004232655596     -4.714694187      4.849912941 
      8.578316037     0.7447702937 -0.0005013308115      1.990761171     0.4385301806     0.2291694776    0.03686075831     -5.781290807      6.219820987 
      6.065785441      0.783360738   -0.03660108656      2.151303922      1.371682585      3.089440333      1.207927218      -5.50614117      6.877823755 
      4.289158019      0.830939819   -0.05299768993      2.349926919      1.447896638      3.892510816      1.796106143     -6.066449572       7.51434621 
       3.03289272      0.824908767   -0.02078868059        2.3330537      2.096174211      7.068172304      2.674225983     -5.519617872      7.615792082 
      2.144579009     0.7902011166    -0.1793553064       2.23968753      1.747735873      5.735837714      2.681257033     -5.492410187       7.24014606 
       1.51644636     0.8376711346    -0.1870467125      2.450897959      1.996859942      5.932836565      1.945386938     -5.700856317      7.697716259 
      1.072289505      0.809295955   -0.09143448845      2.335747283      2.489592146      8.808369691      2.610300638      -5.10364842      7.593240566 
     0.7582231801     0.7556021449    -0.5117402869       2.40815963      2.543333282      9.364723686      2.896179502     -4.588567612      7.131900894 
     0.5361447523     0.7185406846    -0.4344493992      2.223582167      2.772801371      11.07580528      3.387377838     -4.156182063      6.928983434 
     0.3791115901     0.6367856958    -0.1876210533      1.787674991      2.685321136      11.25220263      4.041253029     -3.556986843      6.242307979 
     0.2680723762     0.5940726187    -0.1515818142      1.653815086      2.478888689      10.08006324      3.935174108     -3.382338642      5.861227331 
      0.189555795     0.5617457032    -0.1643982423      1.572162229      2.429663375      9.702063619      3.798799505     -3.150609224      5.580272598 
     0.1340361881     0.5420256121    -0.1191099181      1.526650878      2.253506423      8.636280579      3.557989381     -3.176962041      5.430468464 
    0.09477789751     0.5200855698    -0.1731174829      1.504537852       2.35712865      9.059280251      3.503224777     -2.937801307      5.294929957 
    0.06701809404      0.503962708   -0.09821372178      1.476126657      2.179423697      8.176001218      3.426113568     -3.049380863       5.22880456 
    0.04738894876     0.4863369144    -0.1776920042      1.490486743      2.352088887      8.974598814      3.442276682     -2.816378335      5.168467222 
    0.03350904702     0.4642236034    -0.1206141359      1.453028349      2.151132998      8.134441124      3.507067948     -2.917529742       5.06866274 
    0.02369447438     0.4528086089    -0.1239773562      1.476086232      2.266120136      8.563101572      3.427801102     -2.785329415      5.051449551 
    0.01675452351     0.4333355253    -0.1493695276      1.465855087      2.079344862         7.787866      3.464190945      -2.86775421      4.947099072 
    0.01184723719      0.424052182    -0.1498900813      1.477308361      2.225533356      8.319403613      3.366404895     -2.679653415      4.905186771 
   0.008377261755      0.414731524    -0.1740150328      1.483936357      2.011802455      7.389986815      3.342637699     -2.844098025       4.85590048 
   0.005923618595     0.4072850243     -0.194765378      1.490576846      2.244388127      8.372188858      3.334910794     -2.572098851      4.816486978 
   0.004188630877     0.3993557505    -0.2165549963      1.493813853      2.046474042      7.550247448      3.362191443     -2.726491898       4.77296594 
   0.002961809297     0.3909646387     -0.236775695      1.494871193      2.249006035      8.448934568      3.390906423     -2.473272306      4.722278341 
   0.002094315439      0.382641966    -0.2534143657      1.494356242      2.061715564      7.652138384      3.401467319     -2.605582483      4.667298046 
   0.001480904649     0.3750229285    -0.2664643721      1.493258943      2.217511639      8.313286087      3.395928218     -2.396667067      4.614178706 
   0.001047157719     0.3686539474    -0.2763134251      1.492447681      2.043027922      7.551174084      3.377210992     -2.524440597      4.567468519 
  0.0007404523243     0.3635486545    -0.2834759874      1.491614898      2.180429544      8.109576035      3.355303039     -2.348712356        4.5291419 
  0.0005235788597     0.3597519624    -0.2887692661      1.491355416      2.022031869       7.42170242      3.333089539     -2.477755268      4.499787137 
  0.0003702261622     0.3568937009    -0.2925119598       1.49092805      2.155012904      7.960184587      3.316103968     -2.322645071      4.477657976 
  0.0002617894298     0.3548940354    -0.2953260146       1.49098098      2.008701933      7.335997593      3.301114136     -2.453094548      4.461796481 
  0.0001851130811     0.3534030192    -0.2972527382      1.490752694       2.14078475      7.874701012      3.291741665     -2.309389051      4.450173801 
  0.0001308947149     0.3524037176    -0.2987568072      1.490923567      2.001620406      7.289441073      3.282956824     -2.440512896      4.442133302 
  9.255654054e-05      0.351637122    -0.2997296243      1.490762191      2.133401531      7.830032795      3.278630702     -2.302799893      4.436201424 
  6.544735746e-05     0.3511533073    -0.3005461194      1.490956523      1.998087772      7.265978044      3.273623298      -2.43415756      4.432245332 
  4.627827027e-05     0.3507534142    -0.3010198398      1.490807159      2.129669702      7.807518221      3.272025181     -2.299540218       4.42920992 
  3.272367873e-05     0.3505278146    -0.3014795655      1.491002941      1.996350244      7.254316832      3.268902534     -2.430950601      4.427300846 
  2.313913514e-05     0.3503118341    -0.3016882332      1.490847897      2.127792613      7.796207138      3.268705736       -2.2979247      4.425717313 
  1.636183937e-05     0.3502151805    -0.3019604854       1.49103698      1.995498747      7.248552291      3.266537041     -2.429333286      4.424832033 
  1.156956757e-05     0.3500911202    -0.3020198472      1.490867567       2.12685479      7.790559409      3.267048111     -2.297117919      4.423972709 
  8.180919683e-06     0.3500589383    -0.3021838678      1.491043757      1.995072677      7.245681659      3.265366672     -2.428525064      4.423597741 
  5.784783784e-06      0.349980504    -0.3021690492      1.490866199      2.126388019      7.787768815      3.266242806     -2.296711925      4.423099944 
  4.090459841e-06     0.3499804297    -0.3022842246      1.491038795      1.994856328      7.244236056      3.264784285     -2.428120344      4.422976673 
  2.892391892e-06     0.3499248853    -0.3022383257      1.490861198      2.126150822      7.786345232      3.265827915     -2.296507772      4.422658594 
  2.045229921e-06     0.3499410748    -0.3023304546      1.491033534      1.994743622      7.243488563      3.264486445     -2.427920246      4.422663868 
  1.446195946e-06     0.3498971126    -0.3022723678      1.490858487      2.126030573      7.785621985      3.265615986     -2.296407121      4.422437695 
   1.02261496e-06     0.3499215116    -0.3023500755      1.491029247      1.994682141      7.243092113      3.264335271     -2.427826214      4.422508355 
   7.23097973e-07     0.3498834283    -0.3022854552      1.490855562      2.125969888      7.785255197      3.265507233     -2.296359081      4.422328969 
  5.113074802e-07     0.3499120484     -0.302356358      1.491026243      1.994648109      7.242877011      3.264255931     -2.427785358      4.422433467 
  3.615489865e-07      0.349877009    -0.3022881743      1.490853477      2.125940939      7.785074313      3.265449436     -2.296337823      4.422278762 
  2.556537401e-07     0.3499077689    -0.3023585042      1.491025947      1.994633098      7.242776441      3.264215246     -2.427767889      4.422400987 
  1.807744932e-07     0.3498741842    -0.3022904035        1.4908545      2.125928932      7.784996468      3.265422645     -2.296329464      4.422258395 
    1.2782687e-07     0.3499058854    -0.3023608784      1.491027611       1.99462844      7.242741587      3.264198973     -2.427759896      4.422388336 
