#               T           <Sz^2>              <Q>            <Q^2>              <E>            <E^2>                C                F                S 
      17.15663207      0.498476869   -0.01126313568      0.999870033    0.05834233345   0.004431393642    0.00102756577     -3.406879786      3.465222119 
      12.13157088     0.6226712753   -0.02207033573      1.499428062     0.1352432414    0.02252630661   0.004235572253     -4.714668238       4.84991148 
      8.578316037     0.7447698721 -0.0004663539225      1.990759452     0.4385385199     0.2291834769    0.03686744353     -5.781279082      6.219817602 
      6.065785441     0.7833775957   -0.03666232804      2.151375842      1.371776418      3.089514101      1.207743559     -5.506202801      6.877979219 
      4.289158019     0.8309380259     -0.053128523      2.349933639      1.447980609      3.892785918      1.796138073     -6.066351996      7.514332605 
       3.03289272     0.8249609805   -0.02069092168      2.333258521      2.096179982       7.06757735      2.673606834     -5.520081573      7.616261555 
      2.144579009     0.7901923121    -0.1797969462      2.239808201      1.748092311      5.737291386      2.681464658     -5.491997385      7.240089697 
       1.51644636     0.8376461886    -0.1872296772      2.450866701       1.99710084      5.934123277      1.945711513     -5.700402673      7.697503513 
      1.072289505     0.8093827025   -0.09084473193      2.335987506      2.489568072      8.807278105      2.609328918     -5.104469252      7.594037324 
     0.7582231801     0.7555822647    -0.5119902655      2.408303714      2.543952108      9.369718785      2.898026457     -4.588481746      7.132433854 
     0.5361447523      0.718484626    -0.4345753794       2.22350995      2.772604157      11.07528599       3.38795218     -4.156192404      6.928796561 
     0.3791115901     0.6367814271    -0.1878319596      1.787766761      2.685388534      11.25264604      4.041334464     -3.556917963      6.242306497 
     0.2680723762     0.5940728916    -0.1512569105      1.653826291      2.478947208      10.08044229       3.93526303     -3.382463479      5.861410687 
      0.189555795     0.5617410969    -0.1644741032      1.572340564      2.429858307       9.70287975      3.798668356     -3.150703621      5.580561928 
     0.1340361881     0.5419632678    -0.1183499792      1.526433083      2.254055678      8.639422112      3.558655114     -3.176333962       5.43038964 
    0.09477789751     0.5201072693    -0.1731763384      1.504896285      2.356679106      9.056770245      3.502833837     -2.938975772      5.295654878 
    0.06701809404     0.5037753554    -0.0978246683      1.475536859      2.180810068      8.184381383       3.42844883     -3.046852033      5.227662101 
    0.04738894876     0.4865911395    -0.1754227554       1.49078368      2.348091715      8.952415584      3.438880885     -2.822665006      5.170756721 
    0.03350904702     0.4641123292    -0.1240502001      1.453080286      2.152627182      8.142619736      3.508815949     -2.914356636      5.066983818 
    0.02369447438     0.4530740169    -0.1193713561      1.474817881      2.257606485      8.520546897      3.423759854     -2.793562217      5.051168702 
    0.01675452351     0.4342179927    -0.1511144933      1.467363203      2.079052948      7.776762113      3.454300952     -2.871350442       4.95040339 
    0.01184723719     0.4247637885    -0.1537876697      1.477200742      2.224542126      8.310371156      3.361783487     -2.680605686      4.905147812 
   0.008377261755     0.4157922349    -0.1797153887      1.484643071      2.012298712      7.387862668      3.338516561     -2.845379808       4.85767852 
   0.005923618595     0.4081403506    -0.2028764534      1.490895344      2.245382051       8.37923369      3.337493134     -2.570767124      4.816149175 
   0.004188630877     0.4000087865    -0.2257924498      1.494174416      2.055888247      7.593165694       3.36648921     -2.714958771      4.770847018 
   0.002961809297     0.3913525907    -0.2463897209      1.495388098      2.247338892      8.445519534      3.394987441     -2.471114956      4.718453847 
   0.002094315439     0.3828214721    -0.2629281179      1.495341967      2.066734431      7.674689181      3.403297971     -2.595803355      4.662537786 
   0.001480904649      0.375070055    -0.2755802508      1.494840335      2.214050844      8.297403901      3.395382761      -2.39530636      4.609357204 
   0.001047157719     0.3686356959     -0.284947653      1.494630592      2.045990505      7.561537737      3.375460591     -2.517232743      4.563223249 
  0.0007404523243     0.3635091991    -0.2916414055      1.494303859      2.177234989      8.093452101      3.353099902     -2.348470268      4.525705257 
  0.0005235788597     0.3597107698    -0.2965407587      1.494429132      2.024714006      7.430570481      3.331103674     -2.472445897      4.497159903 
  0.0003702261622     0.3568604446     -0.299963772      1.494283951      2.152556841      7.947956619      3.314455665     -2.323166017      4.475722858 
  0.0002617894298     0.3548682152      -0.30253948       1.49453265        2.0115069      7.346062016      3.299902005     -2.448888576      4.460395476 
  0.0001851130811     0.3533847283    -0.3042763335      1.494447154      2.138854456      7.865494395       3.29079601     -2.310319917      4.449174373 
  0.0001308947149     0.3523909129    -0.3056462323      1.494701989      2.004536326      7.300557487      3.282391604     -2.436892595      4.441428921 
  9.255654054e-05     0.3516280812     -0.306513259        1.4946076      2.131766021      7.822563406      3.278137036     -2.303934193      4.435700214 
  6.544735746e-05      0.351146104     -0.307257332      1.494843453      2.001048525      7.277489458      3.273294257      -2.43083813      4.431886656 
  4.627827027e-05     0.3507491254    -0.3076758973      1.494726508      2.128185314      7.800925536      3.271752804      -2.30077322      4.428958534 
  3.272367873e-05     0.3505250089    -0.3080988297      1.494941901      1.999339905      7.266165545      3.268805489     -2.427786272      4.427126177 
  2.313913514e-05     0.3503099059    -0.3082768159       1.49480123      2.126387172      7.790087358      3.268564951     -2.299206019      4.425593192 
  1.636183937e-05     0.3502132016    -0.3085318127      1.495005505       1.99849517      7.260469638      3.266486692     -2.426247747      4.424742917 
  1.156956757e-05     0.3500903642     -0.308574883      1.494837934      2.125491307      7.784716244       3.26700295     -2.298423521      4.423914828 
  8.180919683e-06     0.3500577612    -0.3087332031      1.495027678       1.99807279      7.257637738      3.265342862     -2.425478857      4.423551648 
  5.784783784e-06     0.3499803721    -0.3087091888      1.494846451      2.125040732      7.781988614      3.266190501     -2.298029502      4.423070234 
  4.090459841e-06     0.3499797163    -0.3088235017      1.495029859      1.997859304      7.256222927      3.264781129     -2.425093918      4.422953222 
  2.892391892e-06     0.3499250917    -0.3087714937      1.494846619      2.124813526      7.780623047      3.265790527     -2.297831575      4.422645101 
  2.045229921e-06     0.3499406032    -0.3088650738      1.495028385      1.997748505      7.255493396      3.264494307     -2.424903461      4.422651966 
  1.446195946e-06     0.3498974848     -0.308802067       1.49484648      2.124698435      7.779929935      3.265586496     -2.297733899      4.422432334 
   1.02261496e-06       0.34992115    -0.3088827084      1.495026115      1.997688558      7.255108435      3.264348861     -2.424813584      4.422502142 
   7.23097973e-07     0.3498838639    -0.3088138212       1.49484496      2.124640382      7.779578715       3.26548196     -2.297687126      4.422327509 
  5.113074802e-07     0.3499117113    -0.3088883692       1.49502418      1.997655683      7.254900975      3.264272745      -2.42477414      4.422429823 
  3.615489865e-07     0.3498774358    -0.3088162961      1.494843627      2.124612614      7.779405362        3.2654266     -2.297666239      4.422278853 
  2.556537401e-07     0.3499074005    -0.3088903383      1.495024314      1.997641074      7.254803631      3.264233769     -2.424757077      4.422398151 
  1.807744932e-07     0.3498745696    -0.3088183487      1.494844855      2.124600953      7.779330033      3.265400826     -2.297657855      4.422258808 
    1.2782687e-07     0.3499054769    -0.3088925295      1.495026054      1.997636351      7.254768951      3.264217961     -2.424749209       4.42238556 
