-1.6000000000000001	0
-1.5966666666666667	0
-1.5933333333333335	0
-1.5900000000000001	0
-1.5866666666666667	0
-1.5833333333333335	0
-1.5800000000000001	0
-1.5766666666666667	0
-1.5733333333333335	0
-1.5700000000000001	0
-1.5666666666666667	0
-1.5633333333333335	0
-1.5600000000000001	0
-1.5566666666666666	0
-1.5533333333333335	0
-1.55	0
-1.5466666666666669	0
-1.5433333333333334	0
-1.54	0
-1.5366666666666668	0
-1.5333333333333334	0
-1.53	0
-1.5266666666666668	0
-1.5233333333333334	0
-1.52	0
-1.5166666666666668	0
-1.5133333333333334	0
-1.51	0
-1.5066666666666668	0
-1.5033333333333334	0
-1.5	0
-1.4966666666666668	0
-1.4933333333333334	0
-1.49	0
-1.4866666666666668	0
-1.4833333333333334	0
-1.48	0
-1.4766666666666668	0
-1.4733333333333334	0
-1.4700000000000002	0
-1.4666666666666668	0
-1.4633333333333334	0
-1.46	0
-1.4566666666666668	0
-1.4533333333333334	0
-1.4500000000000002	0
-1.4466666666666668	0
-1.4433333333333334	0
-1.4400000000000002	0
-1.4366666666666668	0
-1.4333333333333333	0
-1.4300000000000002	0
-1.4266666666666667	0
-1.4233333333333333	0
-1.4200000000000002	0
-1.4166666666666667	0
-1.4133333333333333	0
-1.4100000000000001	0
-1.4066666666666667	0
-1.4033333333333333	0
-1.4000000000000001	0
-1.3966666666666667	0
-1.3933333333333335	0
-1.3900000000000001	0
-1.3866666666666667	0
-1.3833333333333333	0
-1.3800000000000001	0
-1.3766666666666667	0
-1.3733333333333335	0
-1.3700000000000001	0
-1.3666666666666667	0
-1.3633333333333335	0
-1.3600000000000001	0
-1.3566666666666667	0
-1.3533333333333335	0
-1.3500000000000001	0
-1.3466666666666667	0
-1.3433333333333335	0
-1.3400000000000001	0
-1.3366666666666669	0
-1.3333333333333335	0
-1.3300000000000001	0
-1.3266666666666667	0
-1.3233333333333335	0
-1.3200000000000001	0
-1.3166666666666669	0
-1.3133333333333335	0
-1.3100000000000001	0
-1.3066666666666666	0
-1.3033333333333335	0
-1.3	0
-1.2966666666666669	0
-1.2933333333333334	0
-1.29	0
-1.2866666666666666	0
-1.2833333333333334	0
-1.28	0
-1.2766666666666668	0
-1.2733333333333334	0
-1.27	0
-1.2666666666666668	0
-1.2633333333333334	0
-1.26	0
-1.2566666666666668	0
-1.2533333333333334	0
-1.25	0
-1.2466666666666668	0
-1.2433333333333334	0
-1.2400000000000002	0
-1.2366666666666668	0
-1.2333333333333334	0
-1.23	0
-1.2266666666666668	0
-1.2233333333333334	0
-1.2200000000000002	0
-1.2166666666666668	0
-1.2133333333333334	0
-1.21	0
-1.2066666666666668	0
-1.2033333333333334	0
-1.2000000000000002	0
-1.1966666666666668	0
-1.1933333333333334	0
-1.1900000000000002	0
-1.1866666666666668	0
-1.1833333333333333	0
-1.1800000000000002	0
-1.1766666666666667	0
-1.1733333333333333	0
-1.1700000000000002	0
-1.1666666666666667	0
-1.1633333333333336	0
-1.1600000000000001	0
-1.1566666666666667	0
-1.1533333333333333	0
-1.1500000000000001	0
-1.1466666666666667	0
-1.1433333333333335	0
-1.1400000000000001	0
-1.1366666666666667	0
-1.1333333333333333	0
-1.1300000000000001	0
-1.1266666666666667	0
-1.1233333333333335	0
-1.1200000000000001	0
-1.1166666666666667	0
-1.1133333333333333	0
-1.1100000000000001	0
-1.1066666666666667	0
-1.1033333333333335	0
-1.1000000000000001	0
-1.0966666666666667	0
-1.0933333333333333	0
-1.0900000000000001	0
-1.0866666666666669	0
-1.0833333333333335	0
-1.0800000000000001	0
-1.0766666666666667	0
-1.0733333333333335	0
-1.0700000000000001	0
-1.0666666666666669	0
-1.0633333333333335	0
-1.0600000000000001	0
-1.0566666666666666	0
-1.0533333333333335	0
-1.05	0
-1.0466666666666669	0
-1.0433333333333334	0
-1.04	0
-1.0366666666666666	0
-1.0333333333333334	0
-1.0300000000000002	0
-1.0266666666666668	0
-1.0233333333333334	0
-1.02	0
-1.0166666666666666	0
-1.0133333333333334	0
-1.0100000000000002	0
-1.0066666666666668	0
-1.0033333333333334	0
-1	0
-0.9966666666666667	0
-0.9933333333333334	0
-0.9900000000000001	0
-0.9866666666666668	0
-0.98333333333333339	0
-0.98000000000000009	0
-0.97666666666666679	0
-0.97333333333333338	0
-0.97000000000000008	0
-0.96666666666666679	0
-0.96333333333333337	0
-0.96000000000000008	0
-0.95666666666666678	0
-0.95333333333333348	0
-0.95000000000000007	0
-0.94666666666666677	0
-0.94333333333333347	0
-0.94000000000000006	0
-0.93666666666666676	0
-0.93333333333333346	0
-0.93000000000000005	0
-0.92666666666666675	0
-0.92333333333333345	0
-0.92000000000000004	0
-0.91666666666666674	0
-0.91333333333333344	0
-0.91000000000000014	0
-0.90666666666666673	0
-0.90333333333333343	0
-0.90000000000000013	0
-0.89666666666666672	0
-0.89333333333333342	0
-0.89000000000000012	0
-0.88666666666666671	0
-0.88333333333333341	0
-0.88000000000000012	0
-0.87666666666666671	0
-0.87333333333333341	0
-0.87000000000000011	0
-0.86666666666666681	0
-0.8633333333333334	0
-0.8600000000000001	0
-0.8566666666666668	0
-0.85333333333333339	0
-0.85000000000000009	0
-0.84666666666666679	0
-0.84333333333333338	0
-0.84000000000000008	0
-0.83666666666666678	0
-0.83333333333333337	0
-0.83000000000000007	0
-0.82666666666666677	0
-0.82333333333333347	0
-0.82000000000000006	0
-0.81666666666666676	0
-0.81333333333333346	0
-0.81000000000000005	0
-0.80666666666666675	0
-0.80333333333333345	0
-0.80000000000000004	0
-0.79666666666666675	0
-0.79333333333333345	0
-0.79000000000000004	0
-0.78666666666666674	0
-0.78333333333333344	0
-0.78000000000000014	0
-0.77666666666666673	0
-0.77333333333333343	0
-0.77000000000000013	0
-0.76666666666666672	0
-0.76333333333333342	0
-0.76000000000000012	0
-0.75666666666666671	0
-0.75333333333333341	0
-0.75000000000000011	0
-0.7466666666666667	0
-0.7433333333333334	0
-0.7400000000000001	0
-0.7366666666666668	0
-0.73333333333333339	0
-0.73000000000000009	0
-0.72666666666666679	0
-0.72333333333333338	0
-0.72000000000000008	0
-0.71666666666666679	0
-0.71333333333333337	0
-0.71000000000000008	0
-0.70666666666666678	0
-0.70333333333333348	0
-0.70000000000000007	0
-0.69666666666666677	0
-0.69333333333333347	0
-0.69000000000000006	0
-0.68666666666666676	0
-0.68333333333333346	0
-0.68000000000000005	0
-0.67666666666666675	0
-0.67333333333333345	0
-0.67000000000000004	0
-0.66666666666666674	0
-0.66333333333333344	0
-0.66000000000000014	0
-0.65666666666666673	0
-0.65333333333333343	0
-0.65000000000000013	0
-0.64666666666666672	0
-0.64333333333333342	0
-0.64000000000000012	0
-0.63666666666666671	0
-0.63333333333333341	0
-0.63000000000000012	0
-0.62666666666666671	0
-0.62333333333333341	0
-0.62000000000000011	0
-0.61666666666666681	0
-0.6133333333333334	0
-0.6100000000000001	0
-0.6066666666666668	0
-0.60333333333333339	0
-0.59999999999999998	0
-0.5999987662997035	0.001899998108080798
-0.59999506520185819	0.0037999848661060399
-0.59998889671559597	0.0056999489242113175
-0.59998026085613709	0.0075998789326259843
-0.59996915764478964	0.0094997635418877981
-0.59995558710894981	0.011399591402898734
-0.59993954928210136	0.013299351167078425
-0.59992104420381609	0.015199031486358913
-0.59990007191975347	0.017098621013338779
-0.59987663248166057	0.018998108401369722
-0.59985072594737177	0.020897482304661284
-0.59982235238080894	0.0227967313783362
-0.5997915118519811	0.024695844278558185
-0.59975820443698402	0.026594809662628935
-0.59972243021800054	0.028493616189054279
-0.59968418928329992	0.03039225251765193
-0.59964348172723803	0.032290707309645776
-0.59960030765025651	0.034188969227771163
-0.59955466715888328	0.03608702693634195
-0.59950656036573158	0.037984869101365476
-0.59945598738950012	0.039882484390632363
-0.59940294835497288	0.041779861473795192
-0.59934744339301826	0.043676989022489329
-0.59928947264058918	0.045573855710401921
-0.59922903624072288	0.04747045021337528
-0.59916613434254007	0.049366761209502459
-0.59910076710124494	0.051262777379217174
-0.59903293467812468	0.053158487405388498
-0.5989626372405491	0.055053879973410436
-0.59888987496196999	0.05694894377130745
-0.59881464802192108	0.058843667489813803
-0.59873695660601745	0.060738039822468302
-0.59865680090595497	0.062632049465717668
-0.59857418111950966	0.064525685119006193
-0.59848909745053791	0.066418935484858402
-0.598401550108975	0.068311789268987969
-0.59831153931083536	0.070204235180383004
-0.59821906527821178	0.072096261931393249
-0.59812412823927452	0.073987858237842
-0.59802672842827154	0.075879012819095343
-0.59792686608552703	0.077769714398174122
-0.59782454145744146	0.079659951701836332
-0.59771975479649053	0.081549713460680878
-0.5976125063612252	0.083438988409220885
-0.59750279641627002	0.085327765286003401
-0.59739062523232367	0.087216032833675947
-0.59727599308615709	0.089103779799102473
-0.59715890026061391	0.090990994933436972
-0.59703934704460893	0.092877666992230531
-0.59691733373312794	0.094763784735512627
-0.59679286062722658	0.096649336927896623
-0.59666592803402985	0.098534312338660071
-0.59653653626673131	0.10041869974184363
-0.59640468564459237	0.10230248791634355
-0.59627037649294123	0.10418566564600394
-0.59613360914317248	0.10606822171970647
-0.59599438393274584	0.10795014493146698
-0.59585270120518563	0.10983142408052683
-0.5957085613100801	0.11171204797143992
-0.59556196460307997	0.11359200541417347
-0.59541291144589814	0.11547128522419504
-0.5952614022063083	0.11734987622256696
-0.59510743725814452	0.11922776723603536
-0.59495101698130015	0.12110494709712465
-0.59479214176172646	0.12298140464423168
-0.59463081199143231	0.12485712872171288
-0.59446702806848295	0.12673210817997926
-0.5943007903969989	0.12860633187558809
-0.59413209938715505	0.13047978867133328
-0.59396095545517968	0.13235246743634035
-0.59378735902335344	0.13422435704615307
-0.59361131052000837	0.1360954463828295
-0.59343281037952655	0.1379657243350314
-0.59325185904233935	0.1398351797981171
-0.59306845695492627	0.14170380167423127
-0.59288260456981368	0.14357157887239819
-0.59269430234557374	0.14543850030861241
-0.5925035507468237	0.14730455490592709
-0.59231035024422407	0.14916973159455094
-0.59211470131447785	0.15103401931193494
-0.59191660444032923	0.15289740700286583
-0.59171606011056288	0.15475988361955159
-0.59151306882000165	0.15662143812172385
-0.59130763106950657	0.15848205947671565
-0.59109974736597481	0.1603417366595602
-0.59088941822233865	0.1622004586530813
-0.59067664415756449	0.16405821444797924
-0.59046142569665117	0.16591499304292512
-0.59024376337062878	0.16777078344465246
-0.59002365771655751	0.16962557466804443
-0.58980110927752616	0.17147935573622455
-0.58957611860265091	0.17333211568064905
-0.58934868624707393	0.17518384354119582
-0.58911881277196176	0.17703452836625494
-0.58888649874450449	0.17888415921281678
-0.58865174473791404	0.18073272514656322
-0.58841455133142218	0.18258021524196164
-0.58817491911028053	0.18442661858234496
-0.58793284866575735	0.18627192426001313
-0.58768834059513775	0.18811612137631095
-0.58744139550172081	0.18995919904172806
-0.58719201399481913	0.191801146375982
-0.58694019668975683	0.19364195250810778
-0.58668594420786802	0.19548160657655111
-0.58642925717649541	0.19732009772925374
-0.58617013622898884	0.19915741512374358
-0.5859085820047033	0.20099354792722543
-0.58564459514899803	0.202828485316667
-0.58537817631323419	0.20466221647889046
-0.58510932615477396	0.20649473061065768
-0.58483804533697814	0.20832601691876493
-0.58456433452920531	0.2101560646201234
-0.58428819440680979	0.21198486294185323
-0.58400962565113967	0.2138124011213724
-0.58372862894953581	0.21563866840647947
-0.5834452049953297	0.21746365405544699
-0.58315935448784151	0.21928734733710903
-0.58287107813237915	0.22110973753094576
-0.58258037664023588	0.22293081392717407
-0.58228725072868859	0.22475056582683534
-0.58199170112099652	0.22656898254188099
-0.58169372854639878	0.22838605339526291
-0.58139333374011326	0.23020176772101772
-0.58109051744333406	0.2320161148643585
-0.58078528040323041	0.23382908418175694
-0.5804776233729444	0.2356406650410332
-0.58016754711158902	0.23745084682144368
-0.57985505238424684	0.23925961891376504
-0.5795401399619674	0.24106697072038472
-0.57922281062176573	0.24287289165538506
-0.5789030651466206	0.24467737114462948
-0.57858090432547205	0.24648039862585155
-0.57825632895321999	0.2482819635487386
-0.57792933983072181	0.25008205537502037
-0.57759993776479068	0.25188066357855271
-0.57726812356819346	0.25367777764540617
-0.57693389805964868	0.25547338707394884
-0.57659726206382456	0.25726748137493621
-0.57625821641133701	0.25906005007159189
-0.5759167619387473	0.26085108269969914
-0.57557289948856072	0.2626405688076785
-0.57522662990922335	0.26442849795668244
-0.57487795405512121	0.26621485972067233
-0.5745268727865771	0.26799964368650875
-0.57417338696984932	0.26978283945403303
-0.57381749747712885	0.27156443663615593
-0.5734592051865377	0.27334442485893817
-0.5730985109821265	0.27512279376167753
-0.57273541575387232	0.27689953299699333
-0.57236992039767653	0.27867463223090938
-0.57200202581536264	0.28044808114294001
-0.57163173291467384	0.282219869426173
-0.57125904260927129	0.28398998678735199
-0.57088395581873097	0.28575842294696541
-0.57050647346854244	0.28752516763932434
-0.57012659649010577	0.2892902106126492
-0.56974432582072976	0.29105354162915292
-0.56935966240362923	0.29281515046512352
-0.56897260718792286	0.29457502691100862
-0.56858316112863105	0.2963331607714963
-0.56819132518667315	0.29808954186560083
-0.56779710032886543	0.29984416002674263
-0.5674004875279185	0.30159700510283349
-0.56700148776243497	0.30334806695635697
-0.56660010201690736	0.30509733546445128
-0.56619633128171465	0.30684480051899427
-0.56579017655312136	0.30859045202667995
-0.56538163883327386	0.31033427990910561
-0.56497071913019825	0.31207627410285183
-0.56455741845779805	0.31381642455956338
-0.56414173783585164	0.3155547212460319
-0.56372367829000969	0.31729115414427589
-0.5633032408517924	0.3190257132516246
-0.56288042655858761	0.32075838858079564
-0.56245523645364726	0.32248917015997974
-0.56202767158608591	0.32421804803291771
-0.56159773301087712	0.32594501225898476
-0.56116542178885187	0.32767005291326734
-0.56073073898669501	0.32939316008664754
-0.56029368567694304	0.33111432388588025
-0.55985426293798168	0.33283353443367425
-0.55941247185404286	0.33455078186877257
-0.55896831351520204	0.33626605634603179
-0.55852178901737581	0.33797934803650198
-0.55807289946231919	0.33969064712750469
-0.5576216459576222	0.34139994382271599
-0.5571680296167083	0.34310722834224122
-0.55671205155883041	0.34481249092269761
-0.55625371290906944	0.34651572181728968
-0.5557930147983301	0.34821691129589211
-0.55532995836333932	0.34991604964512463
-0.55486454474664293	0.35161312716843179
-0.55439677509660257	0.35330813418616253
-0.55392665056739354	0.35500106103564583
-0.55345417231900118	0.35669189807127066
-0.55297934151721884	0.35838063566456202
-0.55250215933364411	0.36006726420426077
-0.55202262694567661	0.36175177409639869
-0.55154074553651489	0.3634341557643776
-0.55105651629515351	0.36511439964904474
-0.55056994041637997	0.36679249620877158
-0.55008101910077167	0.36846843591953027
-0.54958975355469364	0.37014220927496794
-0.54909614499029458	0.37181380678648712
-0.54860019462550458	0.37348321898331865
-0.548101903684032	0.37515043641259915
-0.54760127339536002	0.37681544963944746
-0.54709830499474421	0.37847824924703949
-0.54659299972320918	0.38013882583668424
-0.54608535882754528	0.38179717002789992
-0.5455753835603061	0.38345327245848737
-0.54506307517980479	0.38510712378460771
-0.5445484349501114	0.38675871468085526
-0.54403146414104975	0.38840803584033273
-0.54351216402819358	0.39005507797472722
-0.54299053589286439	0.39169983181438306
-0.54246658102212786	0.3933422881083754
-0.54194030070879062	0.3949824376245869
-0.54141169625139685	0.39662027114977988
-0.54088076895422543	0.39825577948967006
-0.54034752012728693	0.39988895346900022
-0.53981195108631963	0.40151978393161414
-0.53927406315278703	0.40314826174052898
-0.53873385765387405	0.4047743777780089
-0.53819133592248414	0.40639812294563754
-0.53764649929723551	0.40801948816439126
-0.53709934912245882	0.40963846437470958
-0.53654988674819237	0.41125504253657147
-0.5359981135301799	0.41286921362956336
-0.53544403082986736	0.41448096865295214
-0.53488764001439826	0.41609029862575969
-0.534328942456612	0.41769719458682991
-0.5337679395350392	0.41930164759490296
-0.5332046326338985	0.42090364872868774
-0.53263902314309408	0.42250318908692774
-0.53207111245821093	0.42410025978847737
-0.53150090198051225	0.42569485197236973
-0.53092839311693563	0.42728695679788775
-0.53035358728008997	0.42887656544463326
-0.52977648588825133	0.43046366911259948
-0.52919709036536022	0.43204825902223837
-0.52861540214101732	0.43363032641453203
-0.52803142265048053	0.43520986255106131
-0.52744515333466124	0.43678685871407502
-0.52685659564012077	0.43836130620655916
-0.52626575101906659	0.43993319635230704
-0.52567262092934919	0.44150252049598498
-0.52507720683445802	0.44306927000320462
-0.52447951020351813	0.44463343626058843
-0.52387953251128672	0.44619501067583806
-0.52327727523814893	0.44775398467780408
-0.52267273987011476	0.44931034971655193
-0.52206592789881512	0.45086409726342991
-0.52145684082149835	0.45241521881113672
-0.52084548014102627	0.45396370587378804
-0.52023184736587025	0.45550954998698534
-0.51961594401010858	0.45705274270787893
-0.51899777159342131	0.45859327561523833
-0.51837733164108757	0.46013114030951618
-0.51775462568398112	0.46166632841291544
-0.51712965525856713	0.46319883156945446
-0.51650242190689788	0.46472864144503373
-0.51587292717660949	0.46625574972750033
-0.51524117262091751	0.46778014812671365
-0.51460715979861349	0.46930182837461132
-0.51397089027406118	0.47082078222527191
-0.5133323656171922	0.47233700145498264
-0.51269158740350274	0.47385047786230128
-0.5120485572140494	0.47536120326812081
-0.51140327663544516	0.47686916951573516
-0.51075574725985584	0.47837436847090087
-0.51010597068499564	0.47987679202190242
-0.50945394851412373	0.48137643207961467
-0.50879968235604001	0.4828732805775664
-0.50814317382508123	0.48436732947200312
-0.50748442454111686	0.48585857074194999
-0.50682343612954528	0.48734699638927459
-0.50616021022128987	0.48883259843874871
-0.50549474845279418	0.49031536893811201
-0.50482705246601955	0.4917952999581307
-0.50415712390843892	0.49327238359266384
-0.50348496443303481	0.49474661195871988
-0.50281057569829368	0.49621797719652239
-0.50213395936820282	0.49768647146956824
-0.50145511711224555	0.4991520869646896
-0.50077405060539804	0.50061481589211387
-0.50009076152812393	0.50207465048552491
-0.49940525156637094	0.50353158300212375
-0.49871752241156719	0.50498560572268558
-0.49802757576061552	0.50643671095162412
-0.49733541331589115	0.50788489101704637
-0.49664103678523586	0.50933013827081552
-0.49594444788195469	0.51077244508860853
-0.49524564832481155	0.51221180386997522
-0.49454463983802499	0.5136482070383962
-0.49384142415126375	0.51508164704134229
-0.49313600299964244	0.51651211635033323
-0.49242837812371787	0.51793960746099343
-0.49171855126948383	0.51936411289311246
-0.49100652418836777	0.52078562519069982
-0.49029229863722568	0.52220413692204459
-0.48957587637833788	0.52361964067977174
-0.48885725917940537	0.52503212908089747
-0.48813644881354445	0.52644159476688812
-0.48741344705928324	0.52784803040371564
-0.4866882557005564	0.52925142868191333
-0.48596087652670183	0.53065178231663168
-0.48523131133245512	0.53204908404769535
-0.48449956191794608	0.53344332663965666
-0.48376563008869344	0.5348345028818533
-0.48302951765560098	0.53622260558846113
-0.48229122643495326	0.53760762759854952
-0.4815507582484102	0.53898956177613666
-0.48080811492300357	0.54036840101024342
-0.48006329829113181	0.54174413821494716
-0.47931631019055621	0.5431167663294354
-0.4785671524643953	0.54448627831806073
-0.47781582696112168	0.54585266717039227
-0.47706233553455601	0.54721592590127077
-0.47630668004386356	0.54857604755085998
-0.47554886235354921	0.54993302518469966
-0.47478888433345268	0.55128685189375859
-0.47402674785874443	0.55263752079448647
-0.47326245480992013	0.55398502502886549
-0.47249600707279704	0.55532935776446235
-0.47172740653850875	0.55667051219448049
-0.47095665510350082	0.55800848153780902
-0.47018375466952567	0.55934325903907689
-0.46940870714363814	0.56067483796870154
-0.46863151443819118	0.56200321162293954
-0.46785217847083049	0.56332837332393682
-0.46707070116449001	0.56465031641978081
-0.46628708444738742	0.5659690342845467
-0.46550133025301887	0.5672845203183503
-0.46471344052015495	0.56859676794739455
-0.46392341719283525	0.5699057706240207
-0.46313126222036372	0.57121152182675683
-0.46233697755730385	0.57251401506036503
-0.46154056516347441	0.57381324385589083
-0.46074202700394351	0.57510920177071168
-0.45994136504902494	0.5764018823885837
-0.45913858127427243	0.57769127931968955
-0.45833367766047484	0.5789773862006875
-0.45752665619365218	0.58026019669475493
-0.45671751886504952	0.58153970449163916
-0.45590626767113296	0.58281590330770094
-0.45509290461358398	0.58408878688596322
-0.45427743169929513	0.58535834899615558
-0.45345985094036478	0.58662458343476054
-0.45264016435409216	0.5878874840250593
-0.45181837396297253	0.58914704461717726
-0.45099448179469193	0.59040325908812941
-0.4501684898821221	0.59165612134186429
-0.44934040026331645	0.5929056253093089
-0.44851021498150367	0.5941517649484136
-0.44767793608508311	0.59539453424419586
-0.44684356562762062	0.59663392720878383
-0.44600710566784207	0.59786993788146092
-0.44516855826962953	0.59910256032870746
-0.44432792550201505	0.60033178864424597
-0.44348520943917669	0.60155761694908183
-0.44264041216043215	0.60278003939154812
-0.44179353575023517	0.60399905014734523
-0.44094458229816902	0.60521464341958564
-0.44009355389894178	0.60642681343883431
-0.43924045265238165	0.60763555446315021
-0.43838528066343097	0.60884086077812816
-0.43752804004214163	0.61004272669693971
-0.4366687329036697	0.6112411465603742
-0.43580736136827025	0.61243611473687842
-0.43494392756129163	0.61362762562259798
-0.43407843361317111	0.61481567364141676
-0.433210881659429	0.61600025324499663
-0.43234127384066334	0.61718135891281745
-0.43146961230254521	0.61835898515221566
-0.43059589919581254	0.6195331264984244
-0.42972013667626585	0.62070377751461014
-0.42884232690476187	0.62187093279191386
-0.42796247204720905	0.62303458694948743
-0.4270805742745617	0.62419473463453168
-0.42619663576281519	0.62535137052233514
-0.42531065869299955	0.62650448931631042
-0.42442264525117535	0.62765408574803183
-0.42353259762842743	0.62880015457727245
-0.42264051802085978	0.62994269059204044
-0.42174640862959023	0.63108168860861591
-0.42085027166074473	0.63221714347158586
-0.41995210932545235	0.63334905005388176
-0.41905192383983902	0.63447740325681412
-0.41814971742502338	0.63560219801010753
-0.41724549230710983	0.63672342927193704
-0.41633925071718392	0.63784109202896144
-0.41543099489130675	0.63895518129635887
-0.41452072707050935	0.64006569211786057
-0.4136084495007869	0.6411726195657852
-0.41269416443309392	0.6422759587410718
-0.41177787412333766	0.64337570477331529
-0.41085958083237339	0.64447185282079711
-0.40993928682599867	0.6455643980705198
-0.40901699437494743	0.64665333573823935
-0.40809270575488443	0.64773866106849731
-0.40716642324640018	0.64882036933465337
-0.40623814913500467	0.64989845583891692
-0.40530788571112186	0.65097291591237905
-0.40437563527008447	0.65204374491504269
-0.40344140011212759	0.6531109382358562
-0.40250518254238365	0.65417449129274141
-0.4015669848708765	0.65523439953262552
-0.40062680941251561	0.6562906584314715
-0.39968465848709045	0.65734326349430772
-0.39874053441926482	0.65839221025525752
-0.39779443953857097	0.65943749427756926
-0.39684637617940388	0.66047911115364488
-0.39589634668101581	0.66151705650506931
-0.39494435338750999	0.66255132598263888
-0.39399039864783525	0.66358191526638965
-0.39303448481578018	0.66460882006562561
-0.39207661424996698	0.6656320361189465
-0.39111678931384619	0.66665155919427577
-0.39015501237569028	0.6676673850888869
-0.38919128580858842	0.66867950962943112
-0.38822561199043992	0.66968792867196447
-0.38725799330394917	0.67069263810197355
-0.3862884321366189	0.67169363383440206
-0.38531693088074492	0.67269091181367657
-0.38434349193341	0.67368446801373283
-0.38336811769647805	0.67467429843803983
-0.38239081057658808	0.67566039911962661
-0.38141157298514805	0.6766427661211053
-0.38043040733832967	0.67762139553469714
-0.37944731605706139	0.67859628348225609
-0.37846230156702343	0.67956742611529308
-0.37747536629864087	0.6805348196149994
-0.37648651268707856	0.68149846019227056
-0.37549574317223444	0.68245834408772899
-0.37450306019873381	0.68341446757174795
-0.37350846621592315	0.68436682694447282
-0.37251196367786432	0.68531541853584432
-0.37151355504332839	0.68626023870562058
-0.37051324277578912	0.68720128384339862
-0.36951102934341795	0.68813855036863592
-0.36850691721907658	0.68907203473067236
-0.36750090888031195	0.69000173340874993
-0.36649300680934982	0.69092764291203423
-0.3654832134930881	0.6918497597796357
-0.36447153142309152	0.69276808058062744
-0.36345796309558509	0.69368260191406772
-0.36244251101144787	0.69459332040901756
-0.36142517767620674	0.69550023272456152
-0.36040596560003091	0.6964033355498257
-0.35938487729772461	0.69730262560399658
-0.35836191528872174	0.69819809963634072
-0.35733708209707948	0.69908975442622123
-0.35631038025147199	0.69997758678311661
-0.35528181228518352	0.70086159354663868
-0.35425138073610374	0.70174177158654882
-0.35321908814671998	0.70261811780277716
-0.35218493706411136	0.70349062912543658
-0.35114893003994307	0.70435930251484136
-0.35011106963045946	0.70522413496152303
-0.34907135839647785	0.70608512348624541
-0.34802979890338248	0.70694226514002145
-0.34698639372111773	0.70779555700412844
-0.34594114542418208	0.70864499619012211
-0.34489405659162198	0.70949057983985264
-0.34384512980702497	0.71033230512547918
-0.34279436765851368	0.71117016924948306
-0.34174177273873918	0.7120041694446837
-0.34068734764487485	0.71283430297424966
-0.33963109497860966	0.713660567131715
-0.3385730173461422	0.7144829592409907
-0.33751311735817391	0.71530147665637744
-0.33645139762990239	0.71611611676257947
-0.33538786078101579	0.71692687697471569
-0.33432250943568553	0.71773375473833223
-0.33325534622255992	0.71853674752941443
-0.33218637377475835	0.71933585285439816
-0.33111559472986407	0.72013106825018036
-0.33004301172991779	0.72092239128413149
-0.32896862742141153	0.72170981955410418
-0.32789244445528165	0.72249335068844589
-0.32681446548690274	0.72327298234600657
-0.32573469317608084	0.72404871221615041
-0.32465313018704656	0.72482053801876467
-0.32356977918844931	0.72558845750426837
-0.32248464285334977	0.72635246845362211
-0.32139772385921417	0.72711256867833607
-0.3203090248879068	0.72786875602047907
-0.31921854862568455	0.72862102835268627
-0.31812629776318879	0.72936938357816694
-0.31703227499544007	0.73011381963071209
-0.31593648302183108	0.73085433447470149
-0.31483892454611928	0.73159092610511178
-0.31373960227642128	0.73232359254752133
-0.31263851892520533	0.73305233185811869
-0.31153567720928532	0.73377714212370637
-0.31043107984981333	0.7344980214617095
-0.30932472957227386	0.73521496802017927
-0.30821662910647596	0.73592797997779802
-0.30710678118654744	0.73663705554388692
-0.30599518855092789	0.73734219295840708
-0.30488185394236134	0.73804339049196721
-0.30376678010789049	0.7387406464458256
-0.30264996979884917	0.7394339591518948
-0.30153142577085568	0.74012332697274552
-0.3004111507838062	0.74080874830160948
-0.2992891476018682	0.74149022156238265
-0.2981654189934726	0.74216774520962769
-0.29703996773130825	0.74284131772857731
-0.29591279659231429	0.74351093763513476
-0.29478390835767343	0.744176603475878
-0.29365330581280491	0.74483831382805932
-0.29252099174735846	0.74549606729960771
-0.29138696895520644	0.74614986252912963
-0.29025124023443705	0.74679969818591019
-0.28911380838734846	0.74744557296991287
-0.28797467622044037	0.74808748561178051
-0.28683384654440824	0.74872543487283449
-0.28569132217413584	0.74935941954507534
-0.2845471059286887	0.74998943845118082
-0.28340120063130625	0.75061549044450704
-0.28225360910939645	0.75123757440908445
-0.28110433419452685	0.75185568925961876
-0.2799533787224191	0.75246983394148825
-0.27880074553294165	0.75308000743074166
-0.2776464374701022	0.75368620873409564
-0.27649045738204114	0.75428843688893332
-0.27533280812102434	0.75488669096329941
-0.27417349254343648	0.75548097005589976
-0.27301251350977329	0.75607127329609514
-0.27184987388463522	0.75665759984389902
-0.27068557653671999	0.75723994888997348
-0.26951962433881549	0.75781831965562474
-0.26835202016779303	0.75839271139279851
-0.26718276690459963	0.75896312338407468
-0.26601186743425154	0.75952955494266372
-0.26483932464582693	0.76009200541239896
-0.26366514143245845	0.76065047416773357
-0.26248932069132647	0.76120496061373188
-0.2613118653236518	0.76175546418606499
-0.26013277823468861	0.76230198435100371
-0.25895206233371693	0.76284452060541197
-0.25776972053403591	0.76338307247673842
-0.25658575575295639	0.76391763952301073
-0.25540017091179379	0.76444822133282742
-0.25421296893586098	0.76497481752534968
-0.25302415275446077	0.76549742775029272
-0.25183372530087866	0.76601605168791842
-0.25064168951237642	0.7665306890490251
-0.24944804833018364	0.76704133957493992
-0.24825280469949129	0.76754800303750892
-0.2470559615694442	0.76805067923908665
-0.24585752189313403	0.76854936801252804
-0.24465748862759129	0.76904406922117574
-0.24345586473377889	0.76953478275885234
-0.2422526531765844	0.77002150854984774
-0.24104785692481245	0.77050424654890892
-0.23984147895117836	0.7709829967412285
-0.23863352223229972	0.77145775914243309
-0.23742398974868961	0.77192853379857129
-0.23621288448474931	0.77239532078610196
-0.23500020942876065	0.77285812021188216
-0.23378596757287851	0.77331693221315301
-0.23257016191312441	0.77377175695752787
-0.2313527954493777	0.77422259464297927
-0.23013387118536899	0.77466944549782513
-0.22891339212867301	0.77511230978071377
-0.22769136129070044	0.77555118778061194
-0.22646778168669079	0.77598607981678869
-0.22524265633570506	0.77641698623880262
-0.22401598826061853	0.77684390742648457
-0.22278778048811243	0.77726684378992417
-0.22155803604866764	0.77768579576945385
-0.22032675797655599	0.77810076383563376
-0.21909394930983395	0.77851174848923421
-0.2178596130903343	0.77891875026122093
-0.21662375236365894	0.77932176971273803
-0.21538637017917139	0.77972080743509065
-0.2141474695899892	0.78011586404972899
-0.21290705365297646	0.78050694020822919
-0.21166512542873595	0.78089403659227763
-0.21042168798160255	0.78127715391365127
-0.20917674437963407	0.78165629291420102
-0.20793029769460536	0.78203145436583188
-0.20668235100199961	0.78240263907048457
-0.2054329073810014	0.78276984786011805
-0.20418196991448834	0.78313308159668715
-0.20292954168902466	0.78349234117212541
-0.20167562579485232	0.78384762750832493
-0.20042022532588388	0.78419894155711578
-0.19916334337969577	0.78454628430024442
-0.1979049830575188	0.7848896567493564
-0.19664514746423212	0.78522905994597181
-0.19538383970835482	0.78556449496146552
-0.19412106290203857	0.78589596289704666
-0.19285682016105921	0.78622346488373507
-0.19159111460481038	0.78654700208234085
-0.19032394935629449	0.78686657568344109
-0.18905532754211596	0.78718218690735731
-0.18778525229247311	0.78749383700413333
-0.18651372674115008	0.78780152725351138
-0.18524075402550999	0.78810525896490957
-0.18396633728648648	0.78840503347739688
-0.1826904796685761	0.78870085215967123
-0.18141318431983045	0.78899271641003321
-0.18013445439184939	0.78928062765636298
-0.17885429303977141	0.78956458735609503
-0.17757270342226761	0.78984459699619358
-0.17628968870153283	0.79012065809312693
-0.17500525204327855	0.79039277219284176
-0.17371939661672431	0.79066094087073802
-0.17243212559459076	0.79092516573164218
-0.17114344215309119	0.79118544840978167
-0.16985334947192365	0.79144179056875708
-0.16856185073426388	0.79169419390151652
-0.16726894912675649	0.79194266013032799
-0.16597464783950755	0.79218719100675195
-0.16467895006607702	0.79242778831161376
-0.16338185900347024	0.7926644538549753
-0.16208337785213056	0.79289718947610732
-0.16078350981593104	0.79312599704346198
-0.15948225810216698	0.79335087845464103
-0.15817962592154733	0.79357183563637035
-0.15687561648818793	0.79378887054446812
-0.15557023301960216	0.79400198516381737
-0.15426347873669399	0.79421118150833436
-0.15295535686374984	0.79441646162093971
-0.15164587062843027	0.7946178275735275
-0.15033502326176229	0.79481528146693525
-0.14902281799813166	0.79500882543091278
-0.14770925807527446	0.7951984616240908
-0.14639434673426899	0.79538419223395074
-0.14507808721952853	0.79556601947679118
-0.14376048277879239	0.79574394559769823
-0.14244153666311865	0.79591797287051158
-0.14112125212687576	0.79608810359779303
-0.13979963242773463	0.79625434011079355
-0.13847668082666009	0.79641668476942096
-0.13715240058790423	0.79657513996220619
-0.13582679497899652	0.79672970810626931
-0.13449986727073726	0.79688039164728697
-0.13317162073718869	0.79702719305945824
-0.13184205865566667	0.79717011484546985
-0.13051118430673403	0.79730915953646186
-0.12917900097419055	0.79744432969199375
-0.12784551194506644	0.79757562790000813
-0.12651072050961298	0.79770305677679709
-0.12517462996129569	0.79782661896696505
-0.12383724359678494	0.79794631714339481
-0.12249856471594878	0.79806215400720937
-0.12115859662184436	0.79817413228773804
-0.11981734262070942	0.79828225474247849
-0.11847480602195504	0.79838652415706002
-0.11713099013815709	0.79848694334520753
-0.11578589828504748	0.7985835151487034
-0.11443953378150651	0.79867624243735003
-0.11309189994955471	0.79876512810893263
-0.11174300011434479	0.79885017508918021
-0.11039283760415308	0.79893138633172878
-0.1090414157503713	0.79900876481808158
-0.10768873788749833	0.79908231355757098
-0.1063348073531325	0.79915203558731907
-0.10497962748796297	0.79921793397219865
-0.10362320163576066	0.79928001180479369
-0.10226553314337239	0.79933827220535991
-0.10090662536070982	0.79939271832178371
-0.099546481640742923	0.79944335332954297
-0.098185105339490764	0.79949018043166642
-0.09682249981601454	0.79953320285869267
-0.095458668432407467	0.79957242386862815
-0.094093614553788341	0.79960784674690843
-0.092727341548291486	0.79963947480635478
-0.091359852787060103	0.7996673113871321
-0.089991151644236655	0.79969135985670858
-0.088621241496954883	0.79971162360981252
-0.087250125725332195	0.79972810606838951
-0.085877807712460508	0.79974081068156078
-0.084504290844397978	0.79974974092557927
-0.083129578510160784	0.79975490030378649
-0.081753674101715301	0.79975629234657064
-0.080376581013968662	0.79975392061132022
-0.078998302644760987	0.7997477886823825
-0.07761884239485739	0.79973790017101842
-0.076238203667939042	0.79972425871535735
-0.07485638987059462	0.7997068679803544
-0.073473404412312093	0.79968573165774404
-0.072089250705470898	0.79966085346599525
-0.070703932165332495	0.7996322371502661
-0.069317452210032882	0.7995998864823588
-0.067929814260573262	0.79956380526067328
-0.066541021740812667	0.79952399731016099
-0.065151078077458402	0.79948046648227911
-0.06375998670005828	0.79943321665494393
-0.062367751040991626	0.79938225173248334
-0.060974374535462283	0.79932757564559054
-0.059579860621487846	0.79926919235127691
-0.05818421273989266	0.79920710583282395
-0.056787434334299447	0.79914132009973571
-0.055389528851119973	0.79907183918769131
-0.053990499739546727	0.79899866715849621
-0.052590350451545309	0.79892180810003388
-0.051189084441845001	0.79884126612621709
-0.049786705167930212	0.79875704537693959
-0.048383216090032377	0.79866915001802674
-0.04697862067112113	0.79857758424118508
-0.045572922376896197	0.7984823522639547
-0.044166124675778573	0.79838345832965785
-0.042758231038901418	0.79828090670734986
-0.041349244940102614	0.79817470169176818
-0.039939169855915169	0.79806484760328278
-0.038528009265559215	0.79795134878784391
-0.037115766650932747	0.79783420961693297
-0.03570244549660484	0.79771343448751031
-0.034288049289804612	0.79758902782196384
-0.032872581520413835	0.79746099406805793
-0.031456045680958944	0.7973293376988807
-0.030038445266601155	0.79719406321279307
-0.028619783775128305	0.79705517513337587
-0.027200064706946803	0.79691267800937671
-0.025779291565072582	0.79676657641465842
-0.024357467855121884	0.79661687494814593
-0.022934597085303376	0.79646357823377156
-0.021510682766409051	0.79630669092042394
-0.020085728411806114	0.79614621768189253
-0.018659737537428056	0.79598216321681492
-0.017232713661765153	0.79581453224862209
-0.015804660305857365	0.79564332952548422
-0.014375580993284176	0.79546855982025677
-0.012945479250156766	0.7952902279304247
-0.011514358605108577	0.7951083386780492
-0.01008222258928837	0.79492289690971019
-0.0086490747363490161	0.7947339074964539
-0.0072149185824403883	0.79454137533373392
-0.005779757666199925	0.79434530534135872
-0.0043435955287450256	0.79414570246343297
-0.002906435713662614	0.79394257166830318
-0.0014682817670017556	0.79373591794850018
-2.9137237264664773e-05	0.79352574632068296
0.0014109943246028434	0.79331206182558167
0.0028521093652192908	0.79309486952794006
0.0042942043287768072	0.7928741745164597
0.0057372756570491235	0.79264998190374059
0.0071813197894011194	0.79242229682622478
0.0086263331627975393	0.79219112444413819
0.010072312211811818	0.79195646994143165
0.011519253368633908	0.79171833852572415
0.01296715306308055	0.79147673542824304
0.014416007722603652	0.79123166590376481
0.01586581377229751	0.79098313523055874
0.01731656763491024	0.7907311487103249
0.018768265730850942	0.79047571166813568
0.020220904478198964	0.79021682945237748
0.021674480292712239	0.78995450743468953
0.023128989587837434	0.78968875100990332
0.024584428774716949	0.78941956559598503
0.026040794262199685	0.78914695663397272
0.027498082456848205	0.78887092958791638
0.028956289762948895	0.78859148994481809
0.030415412582520507	0.78830864321456984
0.031875447315322214	0.78802239492989323
0.033336390358863266	0.78773275064627712
0.034798238108412205	0.78743971594191753
0.036260986957005137	0.78714329641765457
0.037724633295454335	0.78684349769691053
0.039189173512358122	0.78654032542562891
0.040654603994109362	0.78623378527221099
0.042120921124903732	0.7859238829274533
0.043588121286749326	0.78561062410448568
0.045056200859475815	0.78529401453870695
0.046525156220742936	0.78497405998772385
0.047994983746048991	0.78465076623128549
0.049465679808741114	0.78432413907122145
0.05093724078002243	0.78399418433137724
0.052409663028963105	0.78366090785755038
0.05388294292250706	0.78332431551742743
0.055357076825482909	0.78298441320051815
0.05683206110061173	0.78264120681809202
0.058307892108516834	0.78229470230311315
0.059784566207731205	0.78194490561017593
0.061262079754708598	0.78159182271543959
0.062740429103831485	0.78123545961656293
0.064219610607419375	0.7808758223326393
0.06569962061573914	0.78051291690413083
0.067180455477013401	0.78014674939280249
0.068662111537429182	0.77977732588165616
0.070144585141147187	0.77940465247486557
0.071627872630311396	0.77902873529770778
0.073111970345057398	0.77864958049649902
0.074596874623521825	0.77826719423852631
0.076082581801850679	0.77788158271198149
0.077569088214209103	0.7774927521258943
0.079056390192790649	0.7771007087100642
0.080544484067825106	0.77670545871499408
0.082033366167588995	0.77630700841182254
0.083523032818413778	0.77590536409225486
0.085013480344695413	0.77550053206849667
0.086504705068901955	0.77509251867318563
0.087996703311585156	0.77468133025932229
0.089489471391387576	0.77426697320020221
0.090983005625052626	0.77384945388934723
0.092477302327432565	0.77342877874043703
0.093972357811499319	0.77300495418723936
0.095468168388351871	0.77257798668354205
0.096964730367226137	0.77214788270308266
0.098462040055504296	0.77171464873947992
0.099960093758723667	0.77127829130616299
0.10145888778058582	0.77083881693630241
0.10295841842296521	0.77039623218274056
0.10445868198591896	0.76995054361792037
0.10595967476769597	0.76950175783381558
0.10746139306474606	0.76904988144186071
0.10896383317172814	0.76859492107287997
0.11046699138152077	0.76813688337701591
0.11197086398523104	0.76767577502365991
0.11347544727220182	0.767211602701379
0.11498073753002391	0.76674437311784704
0.11648673104454321	0.76627409299977156
0.11799342409987063	0.76580076909282191
0.11950081297839044	0.76532440816155889
0.1210088939607708	0.76484501698936191
0.12251766332597147	0.76436260237835707
0.12402711735125438	0.76387717114934461
0.12553725231219132	0.7633887301417277
0.12704806448267469	0.76289728621343778
0.12855955013492576	0.7624028462408643
0.13007170553950381	0.76190541711877968
0.13158452696531547	0.76140500576026782
0.1330980106796244	0.76090161909665011
0.13461215294806028	0.76039526407741242
0.1361269500346271	0.75988594767013162
0.13764239820171387	0.75937367686040191
0.1391584937101033	0.75885845865176038
0.14067523281897959	0.7583403000656147
0.14219261178594017	0.75781920814116766
0.14371062686700331	0.75729518993534295
0.14522927431661792	0.75676825252271174
0.14674855038767187	0.75623840299541722
0.14826845133150302	0.75570564846310062
0.14978897339790637	0.75516999605282575
0.15131011283514534	0.75463145290900491
0.15283186588995912	0.75409002619332288
0.1543542288075736	0.75354572308466228
0.15587719783170975	0.75299855077902733
0.15740076920459273	0.75244851648947053
0.15892493916696143	0.75189562744601368
0.16044970395807814	0.75133989089557507
0.16197505981573757	0.75078131410189175
0.16350100297627532	0.75021990434544439
0.16502752967457857	0.74965566892338065
0.16655463614409463	0.74908861514943825
0.16808231861683987	0.74851875035386994
0.16961057332340948	0.74794608188336575
0.17113939649298704	0.7473706171009763
0.17266878435335364	0.74679236338603638
0.17419873313089629	0.74621132813408764
0.17572923905061894	0.74562751875680122
0.17726029833614987	0.74504094268190157
0.17879190720975299	0.74445160735308669
0.18032406189233524	0.74385952022995372
0.1818567586034574	0.74326468878791807
0.18338999356134272	0.74266712051813866
0.18492376298288682	0.74206682292743675
0.18645806308366519	0.74146380353822139
0.18799289007794537	0.74085806988840841
0.18952824017869446	0.7402496295313431
0.19106410959758832	0.73963849003572246
0.19260049454502204	0.73902465898551539
0.19413739123011872	0.73840814397988486
0.19567479586073835	0.73778895263310929
0.19721270464348759	0.73716709257450252
0.19875111378372964	0.73654257144833568
0.20029001948559286	0.73591539691375851
0.20182941795198064	0.73528557664471805
0.20336930538458006	0.73465311832988134
0.20490967798387177	0.73401802967255569
0.2064505319491399	0.73338031839060724
0.20799186347848003	0.73273999221638353
0.20953366876881008	0.73209705889663157
0.21107594401587873	0.73145152619241982
0.21261868541427556	0.73080340187905646
0.2141618891574387	0.73015269374601033
0.2157055514376667	0.72949940959682991
0.21724966844612636	0.72884355724906269
0.21879423637286269	0.72818514453417582
0.22033925140680741	0.72752417929747437
0.22188470973578994	0.72686066939802063
0.22343060754654528	0.72619462270855428
0.22497694102472404	0.72552604711541024
0.22652370635490229	0.7248549505184374
0.22807089972059036	0.72418134083091945
0.2296185173042426	0.72350522597949085
0.23116655528726626	0.722826613904058
0.23271500985003132	0.72214551255771564
0.23426387717188024	0.72146192990666691
0.23581315343113712	0.72077587393014009
0.23736283480511638	0.72008735262030876
0.23891291747013346	0.71939637398220746
0.24046339760151392	0.71870294603365215
0.24201427137360129	0.71800707680515663
0.24356553495976915	0.71730877433985085
0.24511718453242881	0.71660804669339784
0.24666921626303942	0.7159049019339131
0.2482216263221165	0.71519934814188002
0.24977441087924301	0.71449139341006906
0.25132756610307699	0.71378104584345392
0.25288108816136273	0.71306831355912925
0.25443497322093855	0.71235320468622843
0.25598921744774772	0.71163572736583858
0.25754381700684742	0.71091588975092068
0.25909876806241749	0.71019370000622284
0.26065406677777059	0.70946916630820134
0.26220970931536192	0.70874229684493273
0.26376569183679838	0.70801309981603389
0.26532201050284743	0.70728158343257719
0.26687866147344752	0.70654775591700725
0.26843564090771754	0.70581162550305676
0.26999294496396509	0.70507320043566368
0.27155056979969716	0.7043324889708874
0.27310851157162952	0.70358949937582349
0.27466676643569582	0.70284423992852119
0.27622533054705672	0.70209671891789938
0.27778420006011068	0.70134694464366099
0.27934337112850161	0.7005949254162106
0.28090283990513037	0.69984066955656943
0.28246260254216238	0.69908418539629058
0.28402265519103853	0.69832548127737526
0.2855829940024841	0.69756456555218749
0.28714361512651848	0.69680144658337062
0.28870451471246339	0.69603613274376253
0.29026568890895471	0.69526863241630954
0.29182713386395048	0.6944989539939832
0.29338884572474011	0.69372710587969477
0.29495082063795497	0.69295309648621028
0.29651305474957751	0.69217693423606586
0.29807554420495014	0.69139862756148229
0.29963828514878516	0.69061818490428017
0.30120127372517497	0.68983561471579458
0.30276450607760053	0.68905092545678936
0.30432797834894171	0.68826412559737304
0.30589168668148581	0.68747522361691205
0.30745562721693775	0.68668422800394657
0.30901979609643021	0.68589114725610356
0.31058418946053151	0.68509598988001263
0.31214880344925677	0.68429876439121973
0.31371363420207649	0.6834994793141006
0.31527867785792674	0.6826981431817768
0.31684393055521709	0.68189476453602926
0.31840938843184247	0.68108935192721098
0.31997504762519119	0.68028191391416348
0.32154090427215509	0.67947245906412879
0.32310695450913807	0.67866099595266471
0.32467319447206733	0.67784753316355795
0.32623962029640119	0.67703207928873865
0.3278062281171395	0.67621464292819378
0.32937301406883329	0.675395232689881
0.33093997428559407	0.67457385718964213
0.33250710490110347	0.6737505250511171
0.33407440204862227	0.67292524490565753
0.33564186186100031	0.67209802539224039
0.33720948047068655	0.67126887515738132
0.33877725400973813	0.67043780285504795
0.34034517860982927	0.66960481714657372
0.34191325040226206	0.66876992670057112
0.3434814655179757	0.66793314019284489
0.34504982008755436	0.66709446630630587
0.34661831024123957	0.66625391373088294
0.3481869321089377	0.66541149116343801
0.34975568182023048	0.66456720730767727
0.35132455550438352	0.66372107087406695
0.35289354929035743	0.66287309057974309
0.3544626593068157	0.66202327514842685
0.35603188168213518	0.66117163331033846
0.3576012125444159	0.66031817380210656
0.3591706480214899	0.6594629053666845
0.36074018424093141	0.65860583675326212
0.36230981733006562	0.65774697671717852
0.36387954341597867	0.65688633401983532
0.36544935862552769	0.65602391742860866
0.36701925908534994	0.65515973571676256
0.36858924092187167	0.6542937976633626
0.37015930026131899	0.65342611205318646
0.37172943322972696	0.65255668767663866
0.37329963595294774	0.65168553332966273
0.37486990455666258	0.65081265781365283
0.3764402351663898	0.6499380699353674
0.37801062390749496	0.64906177850684199
0.37958106690519949	0.64818379234530121
0.38115156028459191	0.64730412027307083
0.3827221001706354	0.64642277111749202
0.38429268268817945	0.64553975371083194
0.38586330396196727	0.64465507689019752
0.38743396011664732	0.64376874949744756
0.3890046472767818	0.64288078037910501
0.39057536156685618	0.64199117838626962
0.39214609911128873	0.6410999523745301
0.39371685603444101	0.64020711120387741
0.39528762846062665	0.63931266373861562
0.39685841251412041	0.63841661884727585
0.39842920431916901	0.6375189854025276
0.40000000000000002	0.63661977228109168
0.40157079568083104	0.63571898836365193
0.40314158748587964	0.63481664253476877
0.40471237153937339	0.63391274368278994
0.40628314396555903	0.63300730069976385
0.40785390088871132	0.63210032248135195
0.40942463843314408	0.63119181792674028
0.41099535272321824	0.63028179593855249
0.41256603988335272	0.62937026542276198
0.41413669603803277	0.62845723528860364
0.41570731731182059	0.62754271444848708
0.41727789982936442	0.62662671181790808
0.41884843971540836	0.62570923631536091
0.42041893309480055	0.62479029686225196
0.42198937609250509	0.62386990238280959
0.42355976483361024	0.62294806180399864
0.42513009544333746	0.6220247840554316
0.42670036404705231	0.62110007806928114
0.42827056677027331	0.62017395278019194
0.42984069973868105	0.61924641712519457
0.43141075907812837	0.61831748004361586
0.43298074091465011	0.61738715047699189
0.43455064137447214	0.61645543736898045
0.43612045658402138	0.61552234966527353
0.43769018266993465	0.61458789631350941
0.43925981575906864	0.61365208626318535
0.44082935197851014	0.61271492846556841
0.44239878745558414	0.61177643187361064
0.44396811831786487	0.61083660544185847
0.44553734069318435	0.60989545812636703
0.44710645070964283	0.60895299888461174
0.44867544449561653	0.60800923667540119
0.45024431817976956	0.60706418045878929
0.45181306789106213	0.60611783919598727
0.45338168975876048	0.60517022184927671
0.45495017991244568	0.60422133738192252
0.45651853448202456	0.60327119475808411
0.45808674959773799	0.60231980294272891
0.45965482139017078	0.60136717090154501
0.46122274599026192	0.60041330760085243
0.46279051952931327	0.59945822200751708
0.46435813813899973	0.59850192308886296
0.465925597951378	0.59754441981258455
0.46749289509889658	0.59658572114665964
0.46906002571440575	0.59562583605926245
0.47062698593116675	0.59466477351867475
0.47219377188286055	0.59370254249320109
0.47376037970359886	0.59273915195107896
0.47532680552793294	0.59177461086039362
0.47689304549086198	0.59080892818898989
0.47845909572784495	0.58984211290438515
0.48002495237480863	0.58887417397368247
0.48159061156815758	0.58790512036348286
0.48315606944478295	0.58693496103979959
0.48472132214207353	0.58596370496796923
0.48628636579792334	0.58499136111256689
0.48785119655074327	0.5840179384373172
0.48941581053946853	0.58304344590500889
0.49098020390356983	0.58206789247740709
0.49254437278306229	0.58109128711516667
0.49410831331851446	0.58011363877774591
0.49567202165105834	0.57913495642331936
0.4972354939223993	0.57815524900869075
0.49879872627482508	0.577174525489207
0.50036171485121483	0.57619279481867147
0.50192445579504996	0.57521006594925717
0.50348694525042248	0.5742263478314199
0.50504917936204508	0.57324164941381284
0.50661115427525993	0.57225597964319919
0.50817286613604951	0.57126934746436531
0.50973431109104528	0.57028176182003598
0.51129548528753666	0.56929323165078705
0.51285638487348173	0.56830376589495879
0.51441700599751572	0.56731337348857092
0.51597734480896151	0.56632206336523494
0.51753739745783767	0.56532984445606982
0.51909716009486961	0.56433672568961446
0.52065662887149822	0.56334271599174213
0.52221579993988965	0.56234782428557462
0.52377466945294326	0.56135205949139722
0.52533323356430417	0.560355430526571
0.52689148842837052	0.55935794630544877
0.52844943020030288	0.55835961573928838
0.53000705503603496	0.55736044773616777
0.5315643590922825	0.55636045120089872
0.53312133852655252	0.55535963503494157
0.53467798949715262	0.55435800813631997
0.53623430816320172	0.55335557939953572
0.53779029068463813	0.55235235771548208
0.53934593322222946	0.55134835197136045
0.54090123193758277	0.55034357105059339
0.54245618299315268	0.54933802383274077
0.54401078255225233	0.54833171919341384
0.54556502677906149	0.5473246660041905
0.54711891183863726	0.54631687313253074
0.54867243389692288	0.54530834944169126
0.55022558912075725	0.54429910379064028
0.55177837367788352	0.54328914503397474
0.55333078373696065	0.54227848202183282
0.55488281546757123	0.54126712359981133
0.55643446504023086	0.540255078608881
0.55798572862639872	0.53924235588530112
0.55953660239848635	0.53822896426053579
0.56108708252986661	0.53721491256117004
0.5626371651948836	0.53620020960882508
0.56418684656886287	0.53518486422007361
0.56573612282811958	0.5341688852063573
0.56728499014996869	0.53315228137390069
0.568833444712734	0.53213506152362955
0.57038148269575739	0.53111723445108616
0.57192910027940969	0.53009880894634409
0.57347629364509778	0.52907979379392733
0.57502305897527606	0.5280601977727245
0.57656939245345473	0.52704002965590602
0.57811529026421038	0.52601929821084059
0.57966074859319261	0.52499801219901365
0.58120576362713738	0.52397618037594063
0.58275033155387346	0.52295381149108688
0.58429444856233337	0.52193091428778271
0.58583811084256132	0.52090749750314203
0.58738131458572473	0.51988356986797812
0.58892405598412134	0.51885914010672129
0.59046633123118997	0.51783421693733678
0.59200813652151996	0.51680880907124105
0.59354946805086017	0.51578292521322022
0.59509032201612833	0.51475657406134667
0.59663069461542018	0.51372976430689798
0.59817058204801943	0.51270250463427403
0.59970998051440694	0.51167480372091434
0.60124888621627037	0.51064667023721666
0.60278729535651243	0.50961811284645564
0.60432520413926172	0.50858914020469925
0.60586260876988152	0.50755976096072841
0.60739950545497801	0.5065299837559557
0.60893589040241169	0.50549981722434245
0.61047175982130564	0.50446926999231778
0.61200710992205465	0.50343835067869769
0.61354193691633485	0.50240706789460399
0.61507623701711345	0.50137543024338227
0.61661000643865704	0.50034344632052175
0.61814324139654264	0.49931112471357314
0.61967593810766486	0.49827847400206998
0.62120809279024702	0.49724550275744572
0.62273970166385018	0.49621221954295408
0.62427076094938139	0.49517863291358877
0.62580126686910376	0.49414475141600289
0.6273312156466464	0.49311058358842835
0.62886060350701301	0.49207613796059596
0.63038942667659059	0.49104142305365583
0.63191768138316018	0.49000644738009658
0.63344536385590544	0.48897121944366589
0.63497247032542148	0.48793574773929116
0.6364989970237247	0.48690004075299981
0.63802494018426248	0.4858641069618389
0.63955029604192193	0.48482795483379681
0.64107506083303867	0.48379159282772399
0.64259923079540748	0.48275502939325282
0.64412280216829032	0.48171827297072001
0.64564577119242639	0.48068133199108642
0.64716813411004093	0.4796442148758594
0.64868988716485476	0.47860693003701321
0.65021102660209351	0.47756948587691073
0.65173154866849725	0.47653189078822555
0.65325144961232817	0.47549415315386384
0.65477072568338213	0.47445628134688483
0.65628937313299673	0.47341828373042388
0.65780738821405982	0.47238016865761517
0.65932476718102051	0.47134194447151218
0.66084150628989691	0.47030361950501126
0.66235760179828618	0.46926520208077427
0.66387304996537289	0.46822670051115034
0.66538784705193976	0.46718812309809926
0.66690198932037537	0.46614947813311397
0.66841547303468452	0.46511077389714361
0.66992829446049651	0.46407201866051717
0.67144044986507434	0.46303322068286606
0.67295193551732535	0.46199438821304772
0.67446274768780867	0.46095552948906959
0.67597288264874567	0.45991665273801208
0.67748233667402835	0.45887776617595244
0.67899110603922941	0.45783887800788942
0.68049918702160961	0.45679999642766711
0.68200657590012947	0.45576112961789816
0.68351326895545661	0.45472228574988938
0.68501926246997613	0.45368347298356565
0.68652455272779822	0.45264469946739466
0.68802913601476923	0.45160597333831148
0.68953300861847922	0.45056730272164391
0.69103616682827185	0.44952869573103743
0.69253860693525393	0.44849016046837953
0.69404032523230386	0.44745170502372639
0.69554131801408103	0.44641333747522755
0.697041581577035	0.44537506588905157
0.69854111221941428	0.44433689831931239
0.7000399062412761	0.44329884280799425
0.70153795994449575	0.4422609073848785
0.70303526963277396	0.44122310006747023
0.70453183161164823	0.4401854288609231
0.70602764218850089	0.4391479017579672
0.70752269767256748	0.43811052673883571
0.70901699437494736	0.4370733117711908
0.71051052860861219	0.43603626481005131
0.71200329668841489	0.43499939379771918
0.71349529493109809	0.43396270666370834
0.71498651965530491	0.43292621132466991
0.71647696718158604	0.43188991568432128
0.71796663383241111	0.43085382763337349
0.71945551593217494	0.42981795504945902
0.7209436098072094	0.42878230579705995
0.722430911785791	0.42774688772743552
0.72391741819814959	0.42671170867855202
0.72540312537647822	0.42567677647500968
0.72688802965494248	0.42464209892797222
0.72837212736968859	0.42360768383509512
0.72985541485885286	0.42257353898045574
0.73133788846257086	0.42153967213448096
0.73281954452298659	0.4205060910538776
0.73430037938426085	0.41947280348156152
0.73578038939258072	0.41843981714658729
0.73725957089616856	0.41740713976407817
0.7387379202452915	0.41637477903515535
0.74021543379226884	0.41534274264686949
0.74169210789148332	0.41431103827212945
0.74316793889938815	0.41327967356963402
0.74464292317451708	0.41224865618380185
0.74611705707749298	0.41121799374470264
0.74759033697103694	0.41018769386798754
0.74906275921997767	0.4091577641548208
0.7505343201912591	0.40812821219181139
0.75200501625395111	0.40709904555094362
0.75347484377925711	0.40607027178950933
0.75494379914052423	0.40504189845003974
0.75641187871325077	0.40401393306023753
0.75787907887509631	0.40298638313290824
0.75934539600589068	0.40195925616589367
0.76081082648764187	0.40093255964200364
0.76227536670454565	0.39990630102894947
0.76373901304299485	0.39888048777927593
0.76520176189158784	0.39785512733029471
0.76666360964113678	0.396830227104018
0.76812455268467805	0.39580579450709119
0.76958458741747959	0.39478183693072733
0.77104371023705109	0.39375836175063933
0.77250191754315178	0.39273537632697653
0.77395920573780042	0.39171288800425585
0.77541557122528293	0.39069090411129809
0.77687101041216278	0.38966943196116161
0.77832551970728781	0.38864847885107767
0.77977909552180114	0.38762805206238432
0.78123173426914905	0.3866081588604619
0.78268343236508975	0.3855888064946687
0.78413418622770248	0.38457000219827564
0.78558399227739661	0.38355175318840207
0.78703284693691944	0.38253406666595169
0.78848074663136614	0.38151694981554879
0.78992768778818823	0.38050040980547362
0.79137366683720223	0.37948445378759921
0.79281868021059898	0.378469088897328
0.79426272434295109	0.37745432225352848
0.79570579567122324	0.37644016095847183
0.79714789063478075	0.37542661209776901
0.79858900567539726	0.37441368274030862
0.80002913723726476	0.37340137993819372
0.8014682817670018	0.37238971072667987
0.80290643571366282	0.37137868212411229
0.80434359552874501	0.37036830113186575
0.80577975766620002	0.36935857473428024
0.80721491858244021	0.36834950989860149
0.80864907473634906	0.36734111357491828
0.81008222258928841	0.36633339269610238
0.81151435860510879	0.36532635417774678
0.81294547925015681	0.36432000491810501
0.81437558099328422	0.36331435179803095
0.81580466030585741	0.36230940168091802
0.8172327136617652	0.36130516141263935
0.81865973753742827	0.36030163782148705
0.82008572841180638	0.35929883771811405
0.82151068276640915	0.35829676789547255
0.82293459708530325	0.35729543512875589
0.82435746785512209	0.35629484617533852
0.82577929156507279	0.35529500777471884
0.82720006470694707	0.35429592664845766
0.82861978377512835	0.3532976095001219
0.83003844526660098	0.35230006301522493
0.83145604568095877	0.35130329386116926
0.8328725815204141	0.3503073086871874
0.8342880492898046	0.34931211412428614
0.83570244549660488	0.34831771678518703
0.83711576665093279	0.34732412326426926
0.83852800926555882	0.34633134013751382
0.83993916985591521	0.34533937396244507
0.84134924494010266	0.34434823127807546
0.84275823103890146	0.3433579186048476
0.84416612467577878	0.34236844244457881
0.84557292237689641	0.34137980928040496
0.84697862067112117	0.34039202557672432
0.8483832160900322	0.33940509777914185
0.84978670516793042	0.33841903231441378
0.85118908444184527	0.33743383559039331
0.85259035045154552	0.33644951399597384
0.85399049973954677	0.33546607390103528
0.85538952885111974	0.33448352165638912
0.85678743433429938	0.33350186359372441
0.85818421273989287	0.33252110602555263
0.85957986062148795	0.33154125524515532
0.86097437453546233	0.33056231752652848
0.86236775104099206	0.32958429912432979
0.86375998670005794	0.32860720627382689
0.8651510780774585	0.32763104519084024
0.86654102174081271	0.32665582207169541
0.86792981426057336	0.32568154309316583
0.86931745221003309	0.32470821441242298
0.87070393216533226	0.32373584216698409
0.87208925070547094	0.32276443247465803
0.87347340441231214	0.32179399143349618
0.87485638987059455	0.3208245251217392
0.87623820366793925	0.31985603959776576
0.87761884239485766	0.31888854090004265
0.87899830264476098	0.31792203504707228
0.88037658101396854	0.3169565280373427
0.88175367410171512	0.31599202584927727
0.88312957851016094	0.31502853444118406
0.88450429084439808	0.31406605975120677
0.8858778077124605	0.31310460769727327
0.88725012572533224	0.31214418417704753
0.88862124149695521	0.31118479506787905
0.88999115164423626	0.31022644622675583
0.89135985278706009	0.30926914349025192
0.89272734154829192	0.30831289267448253
0.89409361455378811	0.30735769957505404
0.89545866843240773	0.30640356996701384
0.89682249981601414	0.30545050960480657
0.89818510533949081	0.30449852422222173
0.89954648164074313	0.30354761953234993
0.90090662536070976	0.3025978012275341
0.90226553314337266	0.30164907497932081
0.90362320163576082	0.30070144643841684
0.90497962748796279	0.29975492123463976
0.90633480735313243	0.29880950497687248
0.90768873788749849	0.29786520325301724
0.90904141575037134	0.29692202162995002
0.91039283760415313	0.29597996565347406
0.91174300011434484	0.29503904084827476
0.91309189994955464	0.29409925271787446
0.91443953378150655	0.29316060674458755
0.91578589828504753	0.29222310838947585
0.91713099013815713	0.29128676309230389
0.91847480602195553	0.29035157627149388
0.91981734262070924	0.28941755332408403
0.92115859662184441	0.28848469962568096
0.92249856471594882	0.2875530205304202
0.92383724359678498	0.28662252137091998
0.92517462996129596	0.28569320745823928
0.92651072050961281	0.28476508408183548
0.92784551194506648	0.28383815650951932
0.92917900097419059	0.28291242998741628
0.93051118430673396	0.28198790973992099
0.93184205865566694	0.28106460096965719
0.93317162073718873	0.28014250885743586
0.93449986727073731	0.2792216385622131
0.93582679497899657	0.27830199522104954
0.9371524005879045	0.27738358394906865
0.93847668082665991	0.27646640983941828
0.93979963242773468	0.2755504779632259
0.94112125212687581	0.2746357933695634
0.9424415366631187	0.27372236108540343
0.94376048277879265	0.27281018611558061
0.94507808721952835	0.271899273442754
0.94639434673426914	0.2709896280273637
0.94770925807527484	0.27008125480759626
0.9490228179981316	0.26917415869934386
0.95033502326176245	0.26826834459616411
0.95164587062843031	0.26736381736924569
0.95295535686374988	0.26646058186736693
0.95426347873669393	0.26555864291685954
0.95557023301960209	0.26465800532157047
0.95687561648818809	0.26375867386282525
0.95817962592154748	0.26286065329939101
0.95948225810216692	0.2619639483674383
0.96078350981593097	0.26106856378050614
0.96208337785213072	0.26017450422946448
0.9633818590034704	0.25928177438247957
0.96467895006607707	0.25839037888497662
0.96597464783950793	0.25750032235960474
0.96726894912675632	0.25661160940620276
0.96856185073426404	0.25572424460176157
0.96985334947192348	0.2548382325003925
0.97114344215309123	0.25395357763328963
0.97243212559459113	0.25307028450869806
0.97371939661672424	0.25218835761187897
0.97500525204327859	0.25130780140507403
0.97628968870153288	0.25042862032747493
0.97757270342226754	0.24955081879518773
0.97885429303977156	0.24867440120120041
0.98013445439184954	0.24779937191535081
0.9814131843198306	0.24692573528429301
0.98269047966857603	0.24605349563146545
0.98396633728648641	0.24518265725705896
0.98524075402550992	0.24431322443798467
0.98651372674115023	0.24344520142784271
0.98778525229247316	0.24257859245689117
0.989055327542116	0.24171340173201436
0.99032394935629475	0.240849633436692
0.99159111460481009	0.23998729173097036
0.99285682016105925	0.23912638075142861
0.99412106290203883	0.23826690461115244
0.99538383970835487	0.23740886739970274
0.99664514746423238	0.23655227318308453
0.99790498305751862	0.23569712600372097
0.99916334337969581	0.2348434298804207
1.0004202253258838	0.23399118880835268
1.001675625794852	0.23314040675901471
1.0029295416890247	0.23229108768020681
1.0041819699144885	0.2314432354960034
1.0054329073810013	0.23059685410672426
1.0066823510019995	0.22975194738890795
1.0079302976946054	0.22890851919528438
1.0091767443796342	0.22806657335474864
1.0104216879816026	0.22722611367233284
1.0116651254287365	0.2263871439291805
1.0129070536529765	0.22554966788252109
1.0141474695899895	0.22471368926564195
1.0153863701791712	0.22387921178786549
1.016623752363659	0.22304623913452065
1.0178596130903346	0.2222147749669208
1.0190939493098337	0.2213848229223373
1.020326757976556	0.22055638661397378
1.0215580360486678	0.2197294696309447
1.0227877804881125	0.21890407553824845
1.0240159882606188	0.2180802078767447
1.0252426563357053	0.21725787016313142
1.0264677816866907	0.2164370658899202
1.0276913612907004	0.21561779852541407
1.0289133921286731	0.21480007151368455
1.0301338711853689	0.21398388827454903
1.031352795449378	0.21316925220354818
1.0325701619131245	0.21235616667192517
1.0337859675728787	0.21154463502660217
1.0350002094287607	0.21073466059015972
1.0362128844847491	0.2099262466608165
1.0374239897486897	0.20911939651240558
1.0386335222323	0.20831411339435718
1.0398414789511783	0.20751040053167613
1.0410478569248127	0.20670826112492113
1.0422526531765841	0.20590769835018743
1.043455864733779	0.20510871535908373
1.0446574886275912	0.20431131527871627
1.0458575218931339	0.20351550121166714
1.0470559615694444	0.20272127623597644
1.0482528046994914	0.20192864340512418
1.0494480483301838	0.20113760574801065
1.0506416895123762	0.20034816626893939
1.0518337253008789	0.1995603279475989
1.0530241527544608	0.19877409373904559
1.054212968935861	0.19798946657368607
1.0554001709117937	0.19720644935726012
1.0565857557529563	0.19642504497082411
1.057769720534036	0.19564525627073434
1.0589520623337165	0.1948670860886321
1.0601327782346885	0.19409053723142466
1.0613118653236522	0.19331561248127324
1.0624893206913264	0.19254231459557583
1.0636651414324585	0.19177064630695068
1.064839324645827	0.19100061032322457
1.0660118674342516	0.19023220932741541
1.0671827669045999	0.18946544597771911
1.0683520201677927	0.18870032290749642
1.0695196243388156	0.18793684272525613
1.07068557653672	0.18717500801464529
1.0718498738846352	0.18641482133443299
1.0730125135097732	0.185656285218499
1.0741734925434367	0.18489940217581988
1.0753328081210245	0.18414417469045785
1.0764904573820413	0.18339060522154729
1.0776464374701025	0.18263869620328316
1.0788007455329416	0.18188845004491036
1.0799533787224194	0.18113986913071001
1.0811043341945266	0.18039295581999129
1.0822536091093964	0.17964771244707753
1.0834012006313065	0.17890414132129795
1.0845471059286886	0.17816224472697692
1.085691322174136	0.17742202492342182
1.0868338465444083	0.1766834841449163
1.0879746762204403	0.17594662460070862
1.0891138083873486	0.17521144847500278
1.0902512402344371	0.17447795792695053
1.0913869689552065	0.17374615509064106
1.0925209917473584	0.17301604207509383
1.0936533058128048	0.17228762096424971
1.0947839083576736	0.17156089381696296
1.0959127965923146	0.17083586266699444
1.0970399677313083	0.17011252952300332
1.0981654189934726	0.16939089636853988
1.0992891476018682	0.16867096516203925
1.1004111507838061	0.16795273783681522
1.1015314257708557	0.16723621630105195
1.1026499697988494	0.16652140243780028
1.1037667801078905	0.16580829810497116
1.1048818539423615	0.16509690513532851
1.1059951885509276	0.16438722533648722
1.1071067811865474	0.16367926049090437
1.1082166291064763	0.16297301235587788
1.1093247295722737	0.16226848266354063
1.1104310798498136	0.1615656731208551
1.1115356772092855	0.16086458540961213
1.1126385189252055	0.16016522118642496
1.1137396022764212	0.15946758208272699
1.1148389245461194	0.1587716697047683
1.1159364830218312	0.15807748563361348
1.1170322749954402	0.15738503142513807
1.1181262977631887	0.15669430861002676
1.1192185486256845	0.15600531869377146
1.1203090248879071	0.15531806315666941
1.1213977238592139	0.15463254345382238
1.1224846428533497	0.15394876101513338
1.1235697791884496	0.15326671724530849
1.1246531301870464	0.15258641352385469
1.125734693176081	0.15190785120507852
1.1268144654869028	0.15123103161808832
1.1278924444552816	0.15055595606679237
1.1289686274214117	0.14988262582989989
1.1300430117299176	0.14921104216092254
1.1311155947298641	0.14854120628817336
1.1321863737747584	0.14787311941477041
1.1332553462225601	0.14720678271863627
1.1343225094356857	0.14654219735250087
1.1353878607810159	0.14587936444390334
1.1364513976299024	0.14521828509519374
1.1375131173581738	0.14455896038353602
1.1385730173461424	0.14390139136091079
1.1396310949786095	0.14324557905411908
1.1406873476448749	0.14259152446478365
1.1417417727387393	0.14193922856935523
1.1427943676585137	0.14128869231911456
1.1438451298070254	0.14063991664017678
1.1448940565916219	0.13999290243349732
1.1459411454241821	0.13934765057487369
1.146986393721118	0.13870416191495369
1.1480297989033823	0.13806243727923889
1.149071358396478	0.1374224774680893
1.1501110696304595	0.13678428325673139
1.1511489300399431	0.13614785539526231
1.1521849370641113	0.13551319460865668
1.1532190881467197	0.13488030159677342
1.1542513807361039	0.1342491770343622
1.1552818122851836	0.133619821571071
1.156310380251472	0.13299223583145298
1.1573370820970794	0.13236642041497415
1.1583619152887219	0.13174237589602134
1.1593848772977244	0.13112010282391112
1.160405965600031	0.13049960172289629
1.161425177676207	0.12988087309217675
1.1624425110114478	0.12926391740590745
1.1634579630955852	0.12864873511320671
1.1644715314230913	0.12803532663816805
1.1654832134930881	0.12742369237986698
1.16649300680935	0.12681383271237368
1.1675009088803119	0.12620574798476222
1.1685069172190767	0.12559943852111982
1.1695110293434179	0.12499490462056033
1.1705132427757892	0.12439214655723298
1.1715135550433287	0.12379116458033462
1.1725119636778645	0.12319195891412192
1.1735084662159232	0.12259452975792187
1.1745030601987339	0.12199887728614518
1.1754957431722344	0.12140500164829796
1.1764865126870785	0.12081290296899441
1.177475366298641	0.12022258134797013
1.1784623015670235	0.11963403686009527
1.1794473160570615	0.11904726955538747
1.18043040733833	0.11846227945902579
1.181411572985148	0.11787906657136567
1.1823908105765881	0.11729763086795088
1.1833681176964785	0.11671797229953058
1.1843434919334099	0.11614009079207321
1.1853169308807452	0.1155639862467797
1.1862884321366187	0.11498965854010214
1.1872579933039491	0.11441710752375617
1.18822561199044	0.113846333024739
1.1891912858085885	0.11327733484534427
1.1901550123756905	0.11271011276317863
1.1911167893138463	0.11214466653117891
1.192076614249967	0.11158099587762818
1.1930344848157801	0.11101910050617338
1.1939903986478355	0.11045898009584222
1.1949443533875099	0.10990063430106206
1.1958963466810157	0.10934406275167545
1.1968463761794039	0.10878926505296126
1.1977944395385709	0.10823624078565065
1.198740534419265	0.10768498950594688
1.1996846584870902	0.10713551074554463
1.2006268094125156	0.10658780401164752
1.2015669848708768	0.10604186878698961
1.2025051825423836	0.10549770452985439
1.2034414001121276	0.1049553106740934
1.2043756352700845	0.10441468662914896
1.2053078857111219	0.10387583178007244
1.2062381491350049	0.1033387454875461
1.2071664232464001	0.10280342708790462
1.2080927057548845	0.10226987589315426
1.2090169943749474	0.10173809119099718
1.2099392868259988	0.10120807224485107
1.2108595808323734	0.10067981829387217
1.2117778741233378	0.10015332855297703
1.212694164433094	0.099628602212866069
1.2136084495007871	0.099105638440044927
1.2145207270705094	0.098584436376848411
1.2154309948913067	0.09806499514146437
1.216339250717184	0.097547313827955506
1.2172454923071094	0.097031391506285244
1.2181497174250233	0.096517227222339852
1.2190519238398392	0.096004819997954752
1.2199521093254522	0.095494168830937809
1.2208502716607448	0.094985272695093798
1.2217464086295902	0.09447813054025106
1.2226405180208597	0.093972741292285722
1.2235325976284277	0.093469103853147079
1.2244226452511753	0.092967217100884819
1.2253106586929996	0.092467079889673384
1.2261966357628151	0.091968691049839624
1.2270805742745616	0.091472049387888707
1.2279624720472091	0.090977153686531489
1.2288423269047619	0.090484002704711089
1.2297201366762658	0.089992595177630794
1.2305958991958126	0.089502929816781387
1.2314696123025453	0.089015005309968587
1.2323412738406634	0.088528820321342433
1.2332108816594292	0.088044373491423786
1.2340784336131714	0.087561663437134798
1.2349439275612917	0.087080688751826923
1.2358073613682703	0.086601448005309223
1.2366687329036696	0.086123939743879718
1.2375280400421418	0.085648162490352703
1.2383852806634312	0.085174114744090437
1.2392404526523815	0.084701794981032669
1.2400935538989419	0.084231201653726009
1.2409445822981691	0.083762333191356175
1.2417935357502352	0.083295187999777587
1.2426404121604322	0.082829764461545025
1.2434852094391768	0.082366060935944632
1.2443279255020152	0.081904075759026099
1.2451685582696297	0.081443807243633509
1.2460071056678421	0.080985253679438443
1.2468435656276204	0.080528413332971394
1.2476779360850832	0.080073284447654769
1.2485102149815035	0.079619865243836158
1.2493404002633164	0.079168153918819997
1.2501684898821224	0.078718148646902339
1.2509944817946916	0.078269847579403806
1.2518183739629727	0.077823248844702639
1.2526401643540921	0.077378350548270011
1.2534598509403647	0.076935150772703326
1.2542774316992953	0.076493647577760962
1.2550929046135839	0.076053839000397375
1.255906267671133	0.075615723054797176
1.2567175188650497	0.075179297732411471
1.2575266561936522	0.074744561001992366
1.2583336776604748	0.074311510809629222
1.2591385812742724	0.073880145078784154
1.259941365049025	0.073450461710328888
1.2607420270039436	0.073022458582580177
1.2615405651634746	0.072596133551337177
1.2623369775573039	0.072171484449918416
1.2631312622203636	0.071748509089197915
1.2639234171928355	0.071327205257643814
1.264713440520155	0.070907570721355465
1.2655013302530191	0.070489603224100347
1.2662870844473872	0.070073300487353871
1.2670707011644899	0.069658660210335899
1.2678521784708305	0.069245680070050733
1.2686315144381912	0.068834357721325123
1.2694087071436382	0.068424690796846793
1.2701837546695258	0.068016676907205031
1.2709566551035008	0.067610313640928857
1.2717274065385089	0.067205598564527277
1.2724960070727973	0.066802529222529078
1.2732624548099203	0.066401103137523301
1.2740267478587444	0.066001317810198926
1.2747888843334527	0.065603170719386317
1.2755488623535491	0.065206659322097252
1.2763066800438638	0.064811781053566456
1.2770623355345558	0.064418533327293304
1.2778158269611217	0.064026913535081997
1.2785671524643956	0.063636919047084961
1.279316310190556	0.063248547211843822
1.280063298291132	0.062861795356331462
1.2808081149230035	0.062476660785995355
1.2815507582484102	0.06209314078479948
1.2822912264349533	0.061711232615267314
1.283029517655601	0.061330933518525484
1.2837656300886935	0.060952240714345976
1.2844995619179462	0.060575151401191185
1.2852313113324552	0.060199662756256447
1.2859608765267017	0.059825771935514582
1.2866882557005566	0.059453476073760031
1.2874134470592833	0.059082772284653612
1.2881364488135445	0.058713657660766666
1.2888572591794056	0.058346129273626139
1.2895758763783378	0.057980184173760184
1.2902922986372256	0.057615819390742368
1.2910065241883677	0.057253031933238809
1.2917185512694838	0.05689181878905241
1.292428378123718	0.056532176925169729
1.2931360029996424	0.056174103287807448
1.2938414241512639	0.055817594802457439
1.2945446398380254	0.055462648373935136
1.2952456483248116	0.055109260886425496
1.2959444478819548	0.054757429203529599
1.2966410367852359	0.054407150168313302
1.2973354133158912	0.054058420603353446
1.2980275757606154	0.053711237310786412
1.2987175224115672	0.053365597072355581
1.299405251566371	0.053021496649459779
1.3000907615281241	0.052678932783201654
1.3007740506053982	0.052337902194436091
1.3014551171122455	0.051998401583819076
1.3021339593682031	0.051660427631856506
1.3028105756982935	0.051323976998954191
1.3034849644330349	0.050989046325465991
1.3041571239084391	0.050655632231744664
1.3048270524660195	0.050323731318191317
1.3054947484527943	0.049993340165304788
1.3061602102212897	0.049664455333733204
1.3068234361295454	0.049337073364323115
1.307484424541117	0.04901119077817135
1.3081431738250813	0.048686804076675257
1.3087996823560402	0.048363909741583506
1.3094539485141237	0.048042504235048578
1.3101059706849956	0.047722583999676792
1.3107557472598557	0.047404145458581202
1.3114032766354453	0.047087185015432645
1.3120485572140494	0.046771699054512818
1.3126915874035028	0.046457683940765576
1.3133323656171922	0.046145136019850111
1.313970890274061	0.045834051618193594
1.3146071597986135	0.045524427043043818
1.3152411726209174	0.04521625858252281
1.3158729271766094	0.044909542505679696
1.3165024219068981	0.044604275062544371
1.317129655258567	0.044300452484181692
1.3177546256839812	0.043998070982744386
1.3183773316410878	0.043697126751528287
1.3189977715934214	0.043397615965026233
1.3196159440101087	0.043099534778981971
1.3202318473658701	0.042802879330446207
1.3208454801410263	0.042507645737829891
1.3214568408214984	0.042213830100961088
1.3220659278988152	0.041921428501138711
1.3226727398701148	0.041630437001188972
1.323277275238149	0.041340851645520926
1.3238795325112869	0.04105266846018199
1.3244795102035183	0.040765883452914396
1.3250772068344583	0.040480492613211239
1.3256726209293492	0.040196491912373331
1.3262657510190667	0.039913877303565055
1.3268565956401208	0.039632644721872098
1.3274451533346614	0.039352790084357978
1.3280314226504806	0.03907430929012129
1.3286154021410173	0.038797198220353504
1.3291970903653603	0.03852145273839569
1.3297764858882517	0.038247068689797381
1.33035358728009	0.037974041902374051
1.3309283931169358	0.037702368186264629
1.3315009019805122	0.037432043333991201
1.332071112458211	0.037163063120516301
1.332639023143094	0.036895423303302331
1.3332046326338984	0.036629119622370129
1.3337679395350392	0.036364147800358078
1.334328942456612	0.03610050354258168
1.3348876400143983	0.035838182537092429
1.3354440308298674	0.035577180454737893
1.3359981135301799	0.035317492949221256
1.3365498867481924	0.035059115657161549
1.3370993491224588	0.034802044198153477
1.3376464992972359	0.034546274174827966
1.3381913359224842	0.034291801172912799
1.3387338576538741	0.034038620761292715
1.3392740631527871	0.033786728492071164
1.3398119510863196	0.033536119900630462
1.340347520127287	0.03328679050569372
1.3408807689542255	0.033038735809385954
1.3414116962513969	0.032791951297295126
1.3419403007087907	0.032546432438535
1.3424665810221279	0.032302174685806095
1.3429905358928647	0.03205917347545801
1.3435121640281937	0.031817424227551988
1.3440314641410498	0.031576922345923006
1.3445484349501116	0.031337663218242454
1.3450630751798047	0.03109964221608081
1.3455753835603059	0.030862854694970819
1.3460853588275454	0.030627295994470307
1.3465929997232093	0.030392961438225632
1.3470983049947443	0.030159846334035092
1.3476012733953602	0.02992794597391223
1.3481019036840318	0.029697255634150325
1.3486001946255046	0.029467770575385147
1.3490961449902947	0.029239486042660245
1.3495897535546937	0.029012397265490701
1.3500810191007719	0.02878649945792696
1.35056994041638	0.02856178781862069
1.3510565162951536	0.028338257530888214
1.3515407455365149	0.028115903762776267
1.3520226269456765	0.027894721667126737
1.3525021593336441	0.027674706381641732
1.3529793415172189	0.027455853028949428
1.3534541723190012	0.02723815671666914
1.3539266505673935	0.027021612537477049
1.3543967750966028	0.026806215569172218
1.354864544746643	0.026591960874742835
1.3553299583633394	0.026378843502431658
1.3557930147983301	0.026166858485802892
1.3562537129090693	0.025956000843808589
1.3567120515588305	0.025746265580854931
1.3571680296167081	0.025537647686869645
1.3576216459576222	0.025330142137367825
1.3580728994623192	0.025123743893520335
1.358521789017376	0.024918447902220128
1.3589683135152022	0.024714249096149644
1.3594124718540428	0.02451114239384888
1.3598542629379817	0.024309122699782464
1.3602936856769432	0.024108184904407758
1.3607307389866949	0.023908323884242969
1.361165421788852	0.023709534501934575
1.3615977330108771	0.023511811606326521
1.3620276715860857	0.023315150032527845
1.3624552364536471	0.023119544601981623
1.3628804265585877	0.022924990122533389
1.3633032408517924	0.022731481388500344
1.3637236782900097	0.022539013180739722
1.3641417378358518	0.022347580266718455
1.364557418457798	0.022157177400582213
1.3649707191301983	0.021967799323224426
1.365381638833274	0.021779440762356547
1.3657901765531215	0.02159209643257707
1.3661963312817149	0.021405761035441513
1.3666001020169074	0.021220429259532575
1.367001487762435	0.02103609578052977
1.3674004875279184	0.020852755261279995
1.3677971003288656	0.020670402351867709
1.3681913251866733	0.020489031689685397
1.368583161128631	0.020308637899504302
1.3689726071879229	0.020129215593544844
1.3693596624036293	0.019950759371547815
1.3697443258207298	0.019773263820845256
1.3701265964901059	0.01959672351643145
1.3705064734685424	0.019421133021034504
1.3708839558187309	0.019246486885187254
1.3712590426092712	0.019072779647299216
1.3716317329146741	0.01890000583372782
1.3720020258153625	0.01872815995885074
1.3723699203976767	0.018557236525136925
1.3727354157538725	0.018387230023219511
1.3730985109821265	0.018218134931967455
1.373459205186538	0.018049945718557621
1.3738174974771287	0.017882656838547853
1.3741733869698494	0.017716262735948441
1.3745268727865771	0.017550757843295895
1.3748779540551213	0.017386136581724908
1.3752266299092235	0.017222393361041151
1.3755728994885608	0.017059522579794914
1.3759167619387473	0.016897518625353689
1.3762582164113368	0.016736375873975268
1.3765972620638247	0.016576088690881542
1.3769338980596486	0.016416651430331622
1.3772681235681934	0.016258058435695472
1.3775999377647907	0.016100304039527533
1.3779293398307217	0.015943382563640515
1.3782563289532201	0.015787288319179277
1.3785809043254722	0.01563201560669512
1.3789030651466208	0.015477558716219348
1.3792228106217659	0.015323911927337945
1.3795401399619673	0.015171069509265866
1.3798550523842468	0.015019025720921004
1.3801675471115891	0.014867774810999559
1.3804776233729443	0.014717311018049902
1.3807852804032303	0.014567628570547926
1.3810905174433339	0.014418721686971539
1.3813933337401134	0.014270584575875645
1.3816937285463988	0.014123211435967729
1.3819917011209966	0.013976596456182185
1.3822872507286887	0.013830733815756302
1.3825803766402358	0.013685617684305479
1.3828710781323792	0.013541242221898423
1.3831593544878416	0.013397601579133011
1.3834452049953296	0.013254689897211911
1.3837286289495359	0.013112501308018432
1.3840096256511396	0.012971029934192069
1.3842881944068099	0.012830269889204866
1.3845643345292054	0.012690215277437467
1.3848380453369782	0.012550860194254837
1.3851093261547738	0.012412198726083103
1.3853781763132342	0.012274224950485422
1.3856445951489982	0.012136932936238725
1.3859085820047032	0.01200031674341019
1.3861701362289889	0.011864370423433707
1.3864292571764953	0.011729088019186835
1.3866859442078681	0.011594463565067346
1.386940196689757	0.01146049108707037
1.3871920139948193	0.011327164602865251
1.3874413955017209	0.011194478121872509
1.3876883405951377	0.011062425645341272
1.3879328486657574	0.010931001166426256
1.3881749191102806	0.01080019867026513
1.3884145513314223	0.010670012134055952
1.3886517447379141	0.010540435527134902
1.3888864987445046	0.010411462811053448
1.389118812771962	0.010283087939655986
1.3893486862470739	0.010155304859158292
1.389576118602651	0.010028107508224183
1.3898011092775262	0.0099014898180445014
1.3900236577165574	0.0097754457124143747
1.3902437633706288	0.009649969107811459
1.3904614256966512	0.0095250539134744613
1.3906766441575646	0.0094006940314804895
1.3908894182223386	0.0092768833568240214
1.3910997473659747	0.0091536157774951415
1.3913076310695067	0.009030885174557652
1.3915130688200017	0.0089086854222279483
1.3917160601105629	0.0087870103879532785
1.3919166044403293	0.0086658539324906813
1.3921147013144779	0.0085452099099851738
1.392310350244224	0.0084250721680491549
1.3925035507468237	0.0083054345478407524
1.3926943023455738	0.0081862908841431638
1.3928826045698137	0.0080676350054430992
1.3930684569549263	0.0079494607340103805
1.3932518590423393	0.0078317618859765938
1.3934328103795266	0.0077145322714144851
1.3936113105200083	0.0075977656944171837
1.3937873590233534	0.0074814559531774195
1.3939609554551797	0.0073655968400669469
1.3941320993871551	0.0072501821417159107
1.3943007903969988	0.0071352056390924373
1.394467028068483	0.0070206611075818957
1.3946308119914324	0.0069065423170668085
1.3947921417617266	0.0067928430320063011
1.3949510169813002	0.0066795570115159054
1.3951074372581447	0.006566678009447326
1.3952614022063083	0.0064541997744680616
1.3954129114458982	0.0063421160501416045
1.3955619646030799	0.0062304205750071976
1.3957085613100801	0.0061191070826596815
1.3958527012051858	0.0060081693018296332
1.3959943839327458	0.0058976009564638363
1.3961336091431726	0.005787395765804392
1.3962703764929412	0.0056775474444701627
1.3964046856445924	0.0055680497025359871
1.3965365362667315	0.0054588962456134692
1.3966659280340299	0.005350080774931403
1.3967928606272266	0.0052415969874154049
1.396917333733128	0.0051334385757692367
1.397039347044609	0.0050255992285548222
1.397158900260614	0.0049180726302724808
1.3972759930861571	0.0048108524614421657
1.3973906252323238	0.0047039323986833147
1.3975027964162701	0.0045973061147961368
1.3976125063612252	0.0044909672788414658
1.3977197547964906	0.0043849095562225266
1.3978245414574415	0.0042791266087644168
1.3979268660855271	0.0041736120947963072
1.3980267284282717	0.0040683596692308284
1.3981241282392747	0.0039633629836458304
1.3982190652782118	0.0038586156863653163
1.3983115393108354	0.0037541114225397277
1.398401550108975	0.0036498438342270679
1.398489097450538	0.0035458065604745863
1.3985741811195098	0.0034419932373987603
1.398656800905955	0.0033383974982673465
1.3987369566060175	0.0032350129735795167
1.3988146480219212	0.0031318332911474765
1.39888987496197	0.0030288520761775138
1.3989626372405493	0.0029260629513514504
1.3990329346781247	0.0028234595369073215
1.399100767101245	0.0027210354507204958
1.3991661343425401	0.0026187843083856632
1.3992290362407229	0.0025166997232974639
1.3992894726405893	0.0024147753067319463
1.3993474433930184	0.0023130046679278363
1.399402948354973	0.0022113814141680311
1.3994559873895001	0.0021098991508608444
1.3995065603657317	0.0020085514816208408
1.3995546671588832	0.0019073320083517753
1.3996003076502566	0.001806234331325339
1.3996434817272381	0.0017052520492657631
1.3996841892832999	0.0016043787594290707
1.3997224302180005	0.0015036080576845837
1.3997582044369841	0.0014029335385975562
1.3997915118519813	0.0013023487955100433
1.3998223523808089	0.001201847420622349
1.3998507259473718	0.0011014230050737899
1.3998766324816607	0.001001069139025663
1.3999000719197534	0.0009007794117425991
1.3999210442038161	0.00080054741167228565
1.3999395492821014	0.00070036672652904483
1.3999555871089497	0.00060023094337479516
1.3999691576447897	0.00050013364870098804
1.3999802608561371	0.00040006842850698392
1.399988896715596	0.00030002886838683985
1.3999950652018582	0.0002000085536077313
1.3999987662997035	0.00010000106919352628
1.3999999999999999	0
1.4006666666666665	0
1.4013333333333333	0
1.4019999999999999	0
1.4026666666666665	0
1.4033333333333333	0
1.4039999999999999	0
1.4046666666666665	0
1.4053333333333333	0
1.4059999999999999	0
1.4066666666666665	0
1.4073333333333333	0
1.4079999999999999	0
1.4086666666666665	0
1.4093333333333333	0
1.4099999999999999	0
1.4106666666666665	0
1.4113333333333333	0
1.4119999999999999	0
1.4126666666666665	0
1.4133333333333333	0
1.4139999999999999	0
1.4146666666666665	0
1.4153333333333333	0
1.4159999999999999	0
1.4166666666666665	0
1.4173333333333333	0
1.4179999999999999	0
1.4186666666666665	0
1.4193333333333333	0
1.4199999999999999	0
1.4206666666666665	0
1.4213333333333333	0
1.4219999999999999	0
1.4226666666666665	0
1.4233333333333333	0
1.4239999999999999	0
1.4246666666666665	0
1.4253333333333333	0
1.4259999999999999	0
1.4266666666666665	0
1.4273333333333333	0
1.4279999999999999	0
1.4286666666666665	0
1.4293333333333333	0
1.4299999999999999	0
1.4306666666666665	0
1.4313333333333333	0
1.4319999999999999	0
1.4326666666666665	0
1.4333333333333333	0
1.4339999999999999	0
1.4346666666666665	0
1.4353333333333333	0
1.4359999999999999	0
1.4366666666666665	0
1.4373333333333334	0
1.4379999999999999	0
1.4386666666666665	0
1.4393333333333334	0
1.4399999999999999	0
1.4406666666666665	0
1.4413333333333334	0
1.4419999999999999	0
1.4426666666666665	0
1.4433333333333334	0
1.444	0
1.4446666666666665	0
1.4453333333333334	0
1.446	0
1.4466666666666665	0
1.4473333333333334	0
1.448	0
1.4486666666666665	0
1.4493333333333334	0
1.45	0
1.4506666666666665	0
1.4513333333333334	0
1.452	0
1.4526666666666666	0
1.4533333333333334	0
1.454	0
1.4546666666666666	0
1.4553333333333334	0
1.456	0
1.4566666666666666	0
1.4573333333333334	0
1.458	0
1.4586666666666666	0
1.4593333333333334	0
1.46	0
1.4606666666666666	0
1.4613333333333334	0
1.462	0
1.4626666666666666	0
1.4633333333333334	0
1.464	0
1.4646666666666666	0
1.4653333333333334	0
1.466	0
1.4666666666666666	0
1.4673333333333334	0
1.468	0
1.4686666666666666	0
1.4693333333333334	0
1.47	0
1.4706666666666666	0
1.4713333333333334	0
1.472	0
1.4726666666666666	0
1.4733333333333334	0
1.474	0
1.4746666666666666	0
1.4753333333333334	0
1.476	0
1.4766666666666666	0
1.4773333333333334	0
1.478	0
1.4786666666666666	0
1.4793333333333334	0
1.48	0
1.4806666666666666	0
1.4813333333333334	0
1.482	0
1.4826666666666666	0
1.4833333333333334	0
1.484	0
1.4846666666666666	0
1.4853333333333334	0
1.486	0
1.4866666666666666	0
1.4873333333333334	0
1.488	0
1.4886666666666666	0
1.4893333333333334	0
1.49	0
1.4906666666666666	0
1.4913333333333334	0
1.492	0
1.4926666666666666	0
1.4933333333333334	0
1.494	0
1.4946666666666666	0
1.4953333333333334	0
1.496	0
1.4966666666666666	0
1.4973333333333334	0
1.498	0
1.4986666666666666	0
1.4993333333333334	0
1.5	0
1.5006666666666666	0
1.5013333333333334	0
1.502	0
1.5026666666666666	0
1.5033333333333334	0
1.504	0
1.5046666666666666	0
1.5053333333333334	0
1.506	0
1.5066666666666666	0
1.5073333333333334	0
1.508	0
1.5086666666666666	0
1.5093333333333334	0
1.51	0
1.5106666666666666	0
1.5113333333333334	0
1.512	0
1.5126666666666666	0
1.5133333333333334	0
1.514	0
1.5146666666666666	0
1.5153333333333334	0
1.516	0
1.5166666666666666	0
1.5173333333333334	0
1.518	0
1.5186666666666666	0
1.5193333333333334	0
1.52	0
1.5206666666666666	0
1.5213333333333334	0
1.522	0
1.5226666666666666	0
1.5233333333333334	0
1.524	0
1.5246666666666666	0
1.5253333333333334	0
1.526	0
1.5266666666666666	0
1.5273333333333334	0
1.528	0
1.5286666666666666	0
1.5293333333333334	0
1.53	0
1.5306666666666666	0
1.5313333333333334	0
1.532	0
1.5326666666666666	0
1.5333333333333334	0
1.534	0
1.5346666666666666	0
1.5353333333333334	0
1.536	0
1.5366666666666666	0
1.5373333333333334	0
1.538	0
1.5386666666666666	0
1.5393333333333334	0
1.54	0
1.5406666666666666	0
1.5413333333333334	0
1.542	0
1.5426666666666666	0
1.5433333333333334	0
1.544	0
1.5446666666666666	0
1.5453333333333334	0
1.546	0
1.5466666666666666	0
1.5473333333333334	0
1.548	0
1.5486666666666666	0
1.5493333333333335	0
1.55	0
1.5506666666666666	0
1.5513333333333335	0
1.552	0
1.5526666666666666	0
1.5533333333333335	0
1.554	0
1.5546666666666666	0
1.5553333333333335	0
1.556	0
1.5566666666666666	0
1.5573333333333335	0
1.5580000000000001	0
1.5586666666666666	0
1.5593333333333335	0
1.5600000000000001	0
1.5606666666666666	0
1.5613333333333335	0
1.5620000000000001	0
1.5626666666666666	0
1.5633333333333335	0
1.5640000000000001	0
1.5646666666666667	0
1.5653333333333335	0
1.5660000000000001	0
1.5666666666666667	0
1.5673333333333335	0
1.5680000000000001	0
1.5686666666666667	0
1.5693333333333335	0
1.5700000000000001	0
1.5706666666666667	0
1.5713333333333335	0
1.5720000000000001	0
1.5726666666666667	0
1.5733333333333335	0
1.5740000000000001	0
1.5746666666666667	0
1.5753333333333335	0
1.5760000000000001	0
1.5766666666666667	0
1.5773333333333335	0
1.5780000000000001	0
1.5786666666666667	0
1.5793333333333335	0
1.5800000000000001	0
1.5806666666666667	0
1.5813333333333335	0
1.5820000000000001	0
1.5826666666666667	0
1.5833333333333335	0
1.5840000000000001	0
1.5846666666666667	0
1.5853333333333335	0
1.5860000000000001	0
1.5866666666666667	0
1.5873333333333335	0
1.5880000000000001	0
1.5886666666666667	0
1.5893333333333335	0
1.5900000000000001	0
1.5906666666666667	0
1.5913333333333335	0
1.5920000000000001	0
1.5926666666666667	0
1.5933333333333335	0
1.5940000000000001	0
1.5946666666666667	0
1.5953333333333335	0
1.5960000000000001	0
1.5966666666666667	0
1.5973333333333335	0
1.5980000000000001	0
1.5986666666666667	0
1.5993333333333335	0
1.6000000000000001	0
